-0.1661 0.05118 -0.179 -0.24483 0.066697 0.023713
-0.169 0.051942 -0.17868 -0.24476 0.063782 0.025793
-0.17204 0.052737 -0.17836 -0.25333 0.066121 0.028843
-0.17493 0.05348 -0.17805 -0.24311 0.061854 0.027546
-0.17805 0.054286 -0.17768 -0.25866 0.06683 0.032285
-0.18102 0.055064 -0.17728 -0.25069 0.06597 0.034323
-0.18411 0.055848 -0.17689 -0.25951 0.065708 0.031949
-0.18711 0.056608 -0.17641 -0.25443 0.065532 0.038214
-0.19026 0.057389 -0.17592 -0.26276 0.0671 0.038255
-0.19329 0.058125 -0.17535 -0.25625 0.061174 0.046114
-0.19654 0.058939 -0.17482 -0.26946 0.065005 0.044369
-0.19957 0.059734 -0.17414 -0.25523 0.064849 0.056143
-0.20279 0.060536 -0.17342 -0.26778 0.067311 0.059525
-0.20595 0.061311 -0.17271 -0.26273 0.063931 0.06035
-0.20911 0.062092 -0.1719 -0.26576 0.064697 0.066338
-0.21245 0.062884 -0.17114 -0.27463 0.065168 0.066159
-0.21562 0.063688 -0.1702 -0.26497 0.066085 0.077916
-0.21894 0.064479 -0.16928 -0.27681 0.067498 0.076358
-0.2222 0.065228 -0.1683 -0.27198 0.063345 0.081885
-0.22549 0.066 -0.16729 -0.27517 0.064694 0.08656
-0.22877 0.066768 -0.1662 -0.27576 0.064081 0.088957
-0.23209 0.0675 -0.16511 -0.27924 0.062038 0.09073
-0.23545 0.068229 -0.164 -0.27892 0.063151 0.096686
-0.23881 0.068903 -0.16277 -0.28136 0.057865 0.10087
-0.24225 0.069603 -0.16161 -0.28808 0.057321 0.097791
-0.24556 0.070283 -0.16034 -0.27865 0.058262 0.10996
-0.24893 0.070968 -0.15901 -0.28508 0.056513 0.11063
-0.25237 0.071561 -0.15783 -0.2856 0.050897 0.10368
-0.25568 0.072229 -0.15644 -0.27755 0.054638 0.11706
-0.25908 0.072874 -0.15507 -0.2811 0.052519 0.11679
-0.26238 0.073466 -0.15363 -0.27584 0.051606 0.12063
-0.26579 0.074078 -0.1523 -0.28513 0.049812 0.11023
-0.26901 0.074757 -0.15076 -0.27064 0.056531 0.12964
-0.2723 0.075298 -0.14927 -0.27603 0.044477 0.12422
-0.2755 0.075835 -0.14778 -0.26466 0.044426 0.12602
-0.27871 0.076475 -0.14621 -0.2699 0.051036 0.13111
-0.28188 0.077025 -0.14465 -0.2638 0.046912 0.13041
-0.28495 0.077689 -0.143 -0.25888 0.055444 0.13715
-0.28807 0.078178 -0.14143 -0.25924 0.040721 0.13084
-0.29104 0.078854 -0.13971 -0.24877 0.054614 0.1446
-0.29403 0.079461 -0.13797 -0.25177 0.049782 0.14563
-0.29701 0.080027 -0.13636 -0.24896 0.048621 0.13907
-0.29987 0.080666 -0.13454 -0.23949 0.049687 0.15007
-0.30278 0.081273 -0.13277 -0.23952 0.050598 0.14904
-0.30554 0.081896 -0.131 -0.23352 0.052363 0.15088
-0.30828 0.082513 -0.12911 -0.22683 0.051542 0.15827
-0.31092 0.083123 -0.12727 -0.22094 0.049933 0.1536
-0.31351 0.08375 -0.12535 -0.21558 0.053862 0.16281
-0.31595 0.084379 -0.12332 -0.20416 0.054705 0.1695
-0.31844 0.084959 -0.12143 -0.20367 0.05051 0.16672
-0.32074 0.085594 -0.11935 -0.19344 0.053219 0.17455
-0.32305 0.086168 -0.11733 -0.19461 0.047652 0.16999
-0.32518 0.08681 -0.11516 -0.17644 0.054803 0.18463
-0.32729 0.087357 -0.11303 -0.18012 0.047278 0.17831
-0.3293 0.087938 -0.11086 -0.16554 0.050235 0.18691
-0.33122 0.088484 -0.1086 -0.16697 0.044676 0.18399
-0.33302 0.089024 -0.10637 -0.15047 0.045684 0.19093
-0.33478 0.089596 -0.10399 -0.14689 0.048748 0.19889
-0.33639 0.090085 -0.1017 -0.13541 0.042801 0.19561
-0.33797 0.090628 -0.09925 -0.13026 0.047198 0.20652
-0.33946 0.091115 -0.096907 -0.1206 0.043756 0.20278
-0.34087 0.09161 -0.094402 -0.11667 0.041724 0.20916
-0.34226 0.092119 -0.091945 -0.11532 0.041194 0.20748
-0.34352 0.092601 -0.08945 -0.10706 0.04078 0.20989
-0.34473 0.093111 -0.086871 -0.098062 0.042138 0.21765
-0.34594 0.093547 -0.08435 -0.10067 0.037281 0.2094
-0.34701 0.094054 -0.081722 -0.087114 0.041764 0.22265
-0.34806 0.094561 -0.079094 -0.08594 0.042385 0.21867
-0.349 0.095046 -0.076462 -0.079957 0.04132 0.22495
-0.34991 0.09549 -0.073729 -0.076772 0.038557 0.22874
-0.35072 0.095949 -0.071067 -0.070441 0.03607 0.22337
-0.35149 0.096472 -0.068284 -0.062526 0.04345 0.23534
-0.35218 0.096946 -0.065544 -0.059939 0.039705 0.23193
-0.35288 0.097416 -0.062759 -0.059804 0.038987 0.23387
-0.35346 0.097856 -0.059936 -0.049739 0.039041 0.23788
-0.35406 0.098303 -0.057157 -0.050214 0.038038 0.23502
-0.35468 0.09874 -0.054307 -0.052038 0.037109 0.24166
-0.35512 0.099156 -0.051436 -0.041161 0.034744 0.2399
-0.35564 0.099529 -0.048625 -0.041354 0.031851 0.23842
-0.35608 0.099914 -0.045752 -0.038684 0.031206 0.2403
-0.35652 0.1003 -0.042899 -0.034894 0.031699 0.24001
-0.35692 0.10059 -0.040105 -0.028722 0.023918 0.23776
-0.35727 0.10084 -0.037232 -0.026924 0.021654 0.23678
-0.35767 0.10113 -0.034428 -0.029612 0.024125 0.23521
-0.35801 0.10131 -0.031652 -0.024959 0.014296 0.23383
-0.35837 0.10148 -0.028851 -0.02737 0.015287 0.23588
-0.35874 0.1016 -0.026225 -0.029819 0.012767 0.22214
-0.359 0.10168 -0.02347 -0.018873 0.0045702 0.23002
-0.35938 0.10174 -0.020871 -0.025663 0.0062244 0.22
-0.35973 0.10176 -0.018307 -0.030196 0.0020455 0.21677
-0.36 0.10174 -0.015799 -0.020811 -0.001398 0.20984
-0.3603 0.10176 -0.013416 -0.022807 0.0030863 0.20097
-0.36029 0.10167 -0.011094 0.0043531 -0.0075025 0.19872
-0.36025 0.10145 -0.008782 0.0027469 -0.017031 0.19091
-0.36037 0.10125 -0.006725 -0.0028348 -0.016153 0.1763
-0.36036 0.10096 -0.004623 -0.00094925 -0.023862 0.17725
-0.36039 0.10058 -0.002733 0.00054614 -0.029654 0.16181
-0.36031 0.10022 -0.000798 0.006828 -0.028999 0.1609
-0.36015 0.099755 0.00103 0.017978 -0.036752 0.15532
-0.36001 0.099343 0.002837 0.012863 -0.036867 0.14842
-0.35977 0.098832 0.004522 0.022317 -0.038624 0.14414
-0.35957 0.098414 0.006206 0.022295 -0.036962 0.13961
-0.35928 0.097863 0.007772 0.024739 -0.042071 0.13181
-0.35897 0.097379 0.009357 0.024727 -0.040819 0.13074
-0.35847 0.096762 0.010914 0.0403 -0.049425 0.12893
-0.3581 0.096185 0.012271 0.032738 -0.048347 0.11546
-0.35749 0.095608 0.013787 0.050645 -0.051028 0.1224
-0.35697 0.095034 0.015151 0.044711 -0.049938 0.11143
-0.35629 0.094444 0.016508 0.057923 -0.047331 0.11688
-0.35556 0.093754 0.017844 0.060223 -0.057468 0.10952
-0.35483 0.093158 0.019083 0.06015 -0.049087 0.1042
-0.354 0.092542 0.020397 0.067097 -0.051556 0.10765
-0.35312 0.091891 0.021645 0.07216 -0.052061 0.10203
-0.3523 0.091177 0.022714 0.070184 -0.059305 0.090562
-0.35131 0.090461 0.023998 0.079536 -0.06034 0.1021
-0.35042 0.089702 0.025 0.073694 -0.066425 0.08013
-0.34949 0.088976 0.026143 0.080895 -0.059551 0.096371
-0.34847 0.088058 0.027182 0.081411 -0.075156 0.084027
-0.34748 0.0872 0.028179 0.081935 -0.072191 0.082452
-0.34645 0.086245 0.029205 0.084582 -0.081529 0.083501
-0.34546 0.085357 0.030201 0.083043 -0.076165 0.083007
-0.34447 0.084293 0.031055 0.08273 -0.090957 0.069043
-0.34345 0.083328 0.032038 0.084578 -0.081871 0.080416
-0.34239 0.0823 0.033021 0.087757 -0.088977 0.079457
-0.34145 0.081286 0.033848 0.080745 -0.087065 0.069095
-0.34044 0.080217 0.034752 0.082855 -0.087729 0.074053
-0.33952 0.079227 0.035674 0.079574 -0.085636 0.073792
-0.33861 0.07817 0.036474 0.075096 -0.0862 0.068898
-0.33765 0.077143 0.037339 0.080152 -0.084513 0.072819
-0.3368 0.076156 0.03814 0.071901 -0.080535 0.066098
-0.33592 0.075168 0.038942 0.071112 -0.081141 0.066522
-0.33511 0.074173 0.039626 0.06578 -0.082347 0.058287
-0.33429 0.073231 0.04041 0.064569 -0.0765 0.06556
-0.33347 0.072334 0.04115 0.065377 -0.074635 0.061137
-0.33276 0.071458 0.041788 0.059128 -0.072046 0.054485
-0.3321 0.070604 0.042355 0.055654 -0.069674 0.050269
-0.33139 0.069816 0.043042 0.058185 -0.064715 0.05658
-0.3308 0.069171 0.043585 0.049276 -0.05182 0.045925
-0.33022 0.068499 0.044158 0.04972 -0.054912 0.047
-0.3297 0.067956 0.044727 0.0433 -0.047505 0.043449
-0.32922 0.067443 0.045217 0.040495 -0.041683 0.043453
-0.32874 0.066988 0.045773 0.039535 -0.040072 0.045682
-0.3284 0.066594 0.04618 0.028494 -0.031637 0.035467
-0.32805 0.066307 0.046606 0.029548 -0.026155 0.036868
-0.32775 0.066039 0.047026 0.024453 -0.022711 0.033435
-0.32755 0.065941 0.047341 0.018577 -0.011211 0.026094
-0.32739 0.065799 0.047607 0.010538 -0.0088951 0.020456
-0.32731 0.065795 0.047747 0.0050931 -0.0011111 0.011606
-0.32722 0.065802 0.047887 0.0077176 0.00057436 0.01131
-0.3272 0.065857 0.04797 0.0025451 0.0046309 0.0082019
-0.3272 0.065895 0.047946 -0.00017882 0.0028987 0.0011519
-0.32722 0.065996 0.047919 -0.0025633 0.0078536 -0.0019025
-0.32726 0.066046 0.047843 -0.0025639 0.0051451 -0.0048374
-0.32731 0.066134 0.047786 -0.0048068 0.0084274 -0.0044317
-0.32736 0.066188 0.047676 -0.0049193 0.0064316 -0.0083214
-0.3274 0.066236 0.047594 -0.0041735 0.006501 -0.0058922
-0.32743 0.066248 0.047553 -0.001752 0.003998 -0.0032984
-0.32746 0.066256 0.047481 -0.0022103 0.0020224 -0.0033469
-0.32746 0.066236 0.04744 -0.00036286 -0.0018611 -0.0029737
-0.32748 0.066242 0.04742 -0.00034736 0.00011664 -0.00053781
-0.32751 0.066242 0.047387 -0.004314 -0.00075052 -0.0035677
-0.32748 0.066231 0.047411 -0.00027008 -0.00037642 0.00024609
-0.32748 0.066237 0.047408 0.00014596 -6.2382e-05 -0.00031368
-0.32748 0.066239 0.047414 -0.0012795 0.00095876 0.0019069
-0.32746 0.066231 0.047406 0.0012907 -0.00029301 -0.0001677
-0.32747 0.066238 0.04739 0.00058593 0.00086234 -0.00047088
-0.32746 0.066261 0.047384 9.9875e-05 0.0041132 -0.00076005
-0.32745 0.066238 0.04737 0.0006902 -0.00060386 -0.0016729
-0.32743 0.066241 0.047376 0.0010102 0.00044565 0.00074495
-0.32741 0.06625 0.047364 0.0036454 0.0011278 0.0015297
-0.32743 0.066255 0.047376 -0.0010168 0.00058381 0.0011297
-0.32742 0.066251 0.047346 0.00014998 -5.5094e-05 -0.0010249
-0.32742 0.066248 0.04734 -0.00030682 -0.00097517 -0.0029222
-0.32746 0.066259 0.047354 -0.0023713 0.00099725 -3.51e-05
-0.32744 0.066247 0.04734 -0.00022051 -0.00068043 -0.001517
-0.32743 0.066262 0.047345 0.00076713 0.00088608 -2.1393e-05
-0.32743 0.066262 0.047345 -0.0011772 -0.00022241 0.00083035
-0.32742 0.066273 0.047334 0.00060035 0.00074886 -7.2427e-05
-0.32741 0.066279 0.047335 0.0020648 -0.00090401 -0.00027852
-0.32742 0.066311 0.047337 0.00015104 0.0043063 0.00077271
-0.32741 0.066345 0.047318 0.0008107 0.0027385 -0.0015252
-0.3274 0.066358 0.047321 0.00074131 0.0022718 4.6793e-05
-0.32737 0.06639 0.047296 0.0023408 0.0019834 -0.0015055
-0.32736 0.066432 0.047295 0.00041695 0.0030809 -0.00031477
-0.32733 0.066483 0.047267 0.0018184 0.0044103 -0.0016096
-0.32733 0.0665 0.047242 -0.00018736 0.0011688 -0.0020298
-0.32733 0.066568 0.047226 -0.00085169 0.0069861 -0.0011856
-0.32732 0.066605 0.047203 0.0002022 0.0035911 -0.0012701
-0.3273 0.066619 0.047176 0.0029044 0.0013661 -0.0022666
-0.32732 0.066663 0.047165 -0.0001746 0.0022729 -0.00010935
-0.32729 0.066735 0.04713 0.001588 0.0060824 -0.0022415
-0.32729 0.066777 0.047109 7.2832e-05 0.0054727 -0.0025893
-0.32726 0.06679 0.047082 0.0050859 0.0020588 -0.0030845
-0.32726 0.066848 0.047077 0.0017871 0.0040183 -0.0009629
-0.32726 0.066862 0.047061 0.0016216 0.0020275 -0.0010826
-0.32727 0.066882 0.047047 -0.00036021 0.00088889 -0.0011488
-0.32727 0.066936 0.047051 -0.00049635 0.0065918 -0.00038833
-0.32726 0.066913 0.047037 -0.00015452 -0.00061083 -0.00022104
-0.32726 0.066918 0.047034 -0.00027595 -0.00012082 -0.00044852
-0.32725 0.066915 0.047039 0.0018057 -0.00094106 0.00036935
-0.32728 0.066905 0.047002 -0.0025912 -0.0011759 -0.0035437
-0.32727 0.06691 0.047013 -0.0027173 -0.00055013 -0.0024147
-0.32725 0.066912 0.047033 0.0017568 -0.00051346 0.00058329
-0.32726 0.066904 0.047034 -0.00015968 -0.00037438 0.00017713
-0.32726 0.066908 0.047003 -0.00061528 -0.0001584 -0.0039433
-0.32725 0.066907 0.047021 0.00044199 -3.946e-05 -0.00018342
-0.32726 0.06691 0.047031 -0.0021781 -0.00012737 0.0011934
-0.32726 0.066939 0.047037 -0.0023746 0.0023807 0.0019226
-0.32724 0.066916 0.047006 0.00017224 -0.0018115 -0.003488
-0.32725 0.066947 0.04704 -0.0022014 0.0028184 0.0020232
-0.32724 0.066919 0.047034 0.00066084 -0.00043124 -7.9915e-05
-0.32725 0.066921 0.047035 0.00026815 -0.0012489 0.0013186
-0.32723 0.066908 0.047021 0.00073867 -0.0021131 -0.0008051
-0.32723 0.06695 0.047031 0.00036267 0.0029653 0.00029755
-0.32723 0.066908 0.047021 0.0013211 -0.0019816 -0.00088514
-0.32724 0.06691 0.047031 0.00054976 -0.00019218 0.00047968
-0.32727 0.066933 0.04703 -0.0036045 0.0032078 0.0015022
-0.32726 0.066915 0.047028 -0.0016109 -0.00065396 0.0016
-0.32725 0.066914 0.047004 0.00014786 -0.0004756 -0.000283
-0.32726 0.066935 0.046997 0.00011457 0.0018982 -0.0021035
-0.32725 0.06695 0.047031 5.0684e-05 0.002187 0.0018954
-0.32724 0.066916 0.047028 0.0013803 -0.0023706 0.0014028
-0.32724 0.066927 0.047037 0.00010511 -0.00064124 0.0017131
-0.32724 0.066922 0.047025 0.0011779 -0.0014881 0.0015295
-0.32724 0.066924 0.047031 0.00061436 -0.0017109 0.00038923
-0.32725 0.06695 0.047036 -0.00031148 0.0030375 0.0019175
-0.32724 0.06693 0.047028 0.00030053 -0.00015135 0.0013135
-0.32725 0.066922 0.047007 -0.0017634 -0.00079974 -0.0013522
-0.32723 0.066942 0.047028 0.0011326 0.00031266 0.00052848
-0.32724 0.066982 0.047033 0.00095054 0.0069298 0.0021252
-0.32726 0.066946 0.047006 -0.0011178 -0.0001954 7.4458e-05
-0.32725 0.066945 0.047019 -0.00020917 0.0022253 0.0029147
-0.32725 0.066917 0.046995 0.00077142 -0.0019841 -0.0014593
-0.32726 0.06696 0.047006 -0.0011519 0.0023886 -0.0012285
-0.32725 0.066934 0.046986 0.0006566 -0.00074577 -0.0015133
-0.32724 0.066933 0.047018 0.0014332 -0.0017524 0.0013669
-0.32725 0.066948 0.046992 0.00090392 0.00027201 -0.0018043
-0.32723 0.066959 0.047019 0.0013996 0.00020589 0.0014466
-0.32722 0.066938 0.047026 0.0019463 -0.0025513 0.0022299
-0.32724 0.066936 0.046987 0.00021501 -0.0029579 -0.0027406
-0.32724 0.066967 0.047026 -0.00027655 0.0012584 0.003198
-0.32723 0.066959 0.047019 0.0013767 0.00075971 0.0021113
-0.32724 0.066971 0.046995 -0.000624 0.0012946 -0.002347
-0.32724 0.066954 0.047004 0.00032962 -0.00121 -0.002447
-0.32725 0.066939 0.046998 -0.00051163 -0.0018593 -0.0019838
-0.32724 0.066962 0.047029 0.00070752 0.0015229 0.0042175
-0.32726 0.066954 0.046994 -0.0012793 0.00024414 -0.0011684
-0.32724 0.066947 0.047018 0.0020751 -0.0012977 0.0020238
-0.32723 0.066939 0.046978 0.0017113 -0.002613 -0.0030486
-0.32725 0.06695 0.046991 -0.0012523 -0.0014002 -0.0012283
-0.32723 0.06697 0.047012 0.0012893 0.0016923 0.0034267
-0.32724 0.06697 0.047017 -4.8518e-05 0.00074632 0.0026352
-0.32725 0.066999 0.047028 0.00055199 0.0029051 0.0043546
-0.32725 0.066999 0.047013 -0.00079518 0.0027896 0.00043853
-0.32725 0.067005 0.047025 -0.00076417 0.0020336 0.0024181
-0.32725 0.06701 0.047022 0.00025629 0.0038059 0.003462
-0.32725 0.066979 0.046987 -0.00074636 -0.00080087 -0.0018005
-0.32724 0.066982 0.046988 0.0010621 -0.00027332 -0.0013753
-0.32725 0.066971 0.046999 -0.0010086 -0.0010298 0.0015162
-0.32724 0.066969 0.046959 0.00092253 -0.00080387 -0.0029777
-0.32724 0.066974 0.04697 0.0011787 0.0010619 -0.00081841
-0.32725 0.066968 0.046978 -0.00027296 -0.00010575 0.0010771
-0.32725 0.066969 0.046963 2.0593e-05 0.00023445 -0.00079688
-0.32724 0.066971 0.046964 0.001842 0.00017354 -0.00096838
-0.32724 0.066968 0.046974 0.0011025 0.00028627 0.0011169
-0.32725 0.066948 0.04697 0.00048394 -0.0027269 0.00032857
-0.32724 0.066968 0.046974 -0.00021895 0.0016337 0.00098823
-0.32724 0.066969 0.046959 0.00034421 0.00018634 -0.0016426
-0.32725 0.066942 0.046973 -0.0005488 -0.0030418 0.00012653
-0.32724 0.066974 0.04697 2.303e-05 0.0019684 0.0011102
-0.20219 0.081677 -0.086678 -0.22739 0.074796 0.24988
-0.20472 0.08263 -0.083673 -0.21496 0.077394 0.25245
-0.2074 0.083456 -0.080641 -0.22607 0.068901 0.25363
-0.21 0.084313 -0.077608 -0.21548 0.069786 0.25849
-0.21247 0.085091 -0.074503 -0.20879 0.065388 0.26098
-0.21512 0.085887 -0.07151 -0.21889 0.064558 0.25522
-0.21755 0.086625 -0.068358 -0.20515 0.061104 0.26267
-0.21997 0.087307 -0.065278 -0.20496 0.056466 0.25576
-0.22247 0.088022 -0.062223 -0.20947 0.058525 0.25995
-0.22472 0.088666 -0.059005 -0.19254 0.053761 0.26907
-0.22707 0.089305 -0.056 -0.19565 0.05075 0.25356
-0.22929 0.089906 -0.052852 -0.18994 0.050593 0.26245
-0.23152 0.090527 -0.049753 -0.18912 0.048558 0.25877
-0.23364 0.09106 -0.046649 -0.17808 0.044667 0.25978
-0.23575 0.091619 -0.043529 -0.181 0.046431 0.26209
-0.23791 0.092105 -0.040518 -0.17828 0.040745 0.25549
-0.23986 0.092571 -0.037388 -0.16291 0.040148 0.26202
-0.24194 0.093037 -0.034419 -0.1727 0.036332 0.25035
-0.2439 0.093396 -0.031414 -0.16576 0.032358 0.25458
-0.24578 0.093904 -0.02838 -0.16309 0.040601 0.25271
-0.24755 0.094225 -0.02544 -0.15085 0.028005 0.24826
-0.24918 0.094637 -0.022403 -0.14554 0.034756 0.25227
-0.25095 0.095034 -0.019559 -0.14434 0.032957 0.24097
-0.25246 0.095363 -0.016602 -0.13304 0.027568 0.24427
-0.25398 0.095648 -0.013856 -0.12513 0.024317 0.23298
-0.25509 0.09586 -0.011012 -0.10278 0.017449 0.23733
-0.25643 0.096046 -0.008237 -0.11177 0.014484 0.22951
-0.25757 0.096148 -0.005566 -0.099325 0.0094711 0.22437
-0.25876 0.096265 -0.00288 -0.098405 0.0077547 0.22411
-0.25984 0.096264 -0.000189 -0.097971 0.0020489 0.22404
-0.26097 0.096288 0.002453 -0.09182 -0.00045442 0.22049
-0.26167 0.09624 0.005099 -0.066468 -0.0025932 0.21826
-0.26257 0.096204 0.007736 -0.073922 -0.0037303 0.22087
-0.26329 0.096092 0.010692 -0.051984 -0.006396 0.21231
-0.26403 0.095956 0.013192 -0.060737 -0.011693 0.20782
-0.26462 0.095711 0.015692 -0.04886 -0.019806 0.20732
-0.26514 0.095476 0.018074 -0.046087 -0.023529 0.19515
-0.26558 0.095155 0.020493 -0.036207 -0.025463 0.19907
-0.26601 0.094821 0.0228 -0.039699 -0.031231 0.18677
-0.2664 0.094428 0.025135 -0.028608 -0.03153 0.19565
-0.26664 0.093888 0.02736 -0.020883 -0.046376 0.18439
-0.267 0.093442 0.029515 -0.028294 -0.039187 0.17774
-0.26717 0.09284 0.031659 -0.022082 -0.047759 0.17527
-0.26749 0.092234 0.033692 -0.025248 -0.051073 0.16573
-0.26756 0.091552 0.035648 -0.0085615 -0.056232 0.16407
-0.26771 0.090841 0.037618 -0.013379 -0.060136 0.16271
-0.26773 0.090149 0.039392 -0.00029363 -0.05987 0.14752
-0.26779 0.089192 0.041837 -0.0046468 -0.059237 0.14737
-0.26774 0.088426 0.043516 0.0037601 -0.062123 0.1412
-0.26784 0.087554 0.045134 -0.0067379 -0.071092 0.13511
-0.26784 0.086637 0.046978 0.0026911 -0.065777 0.13335
-0.26796 0.085623 0.048605 -0.0092535 -0.073345 0.11302
-0.26798 0.083852 0.051346 -0.0017196 -0.074958 0.10583
-0.268 0.083002 0.052571 -0.001813 -0.072045 0.10283
-0.26803 0.08214 0.053806 0.00046958 -0.075788 0.099139
-0.26793 0.081027 0.055077 0.0079882 -0.075639 0.097534
-0.26791 0.080171 0.056091 0.0052864 -0.076505 0.08266
-0.26795 0.079321 0.057008 -5.6231e-05 -0.069525 0.079527
-0.26792 0.078459 0.057978 0.0017504 -0.072618 0.079506
-0.26785 0.077556 0.05882 0.0067517 -0.073753 0.07097
-0.26788 0.076766 0.059503 -0.001656 -0.067324 0.061031
-0.26794 0.076006 0.060291 -0.0036803 -0.06529 0.063913
-0.26799 0.075249 0.060893 -0.0042001 -0.062342 0.04862
-0.26806 0.074558 0.061455 -0.0034693 -0.059249 0.048653
-0.26814 0.073813 0.061995 -0.0047365 -0.061811 0.045269
-0.26834 0.073246 0.062402 -0.016967 -0.049409 0.034239
-0.26854 0.072312 0.062931 -0.0098591 -0.042068 0.025524
-0.2686 0.071853 0.063151 -0.0061014 -0.0388 0.017449
-0.26868 0.071549 0.063356 -0.0063772 -0.024715 0.016394
-0.26878 0.071239 0.063414 -0.0091487 -0.025358 0.0053191
-0.26886 0.071064 0.063458 -0.006948 -0.014925 0.0030932
-0.2689 0.070862 0.063443 -0.0025493 -0.017267 -0.0015964
-0.26895 0.0708 0.06341 -0.0036686 -0.0073907 -0.0028188
-0.26901 0.070769 0.063335 -0.006468 -0.0035247 -0.0061633
-0.26905 0.070767 0.063265 -0.0049776 -0.00094569 -0.0069344
-0.26911 0.070766 0.063154 -0.0053343 0.00025737 -0.0091384
-0.26918 0.070777 0.063027 -0.0058383 -0.00050716 -0.010967
-0.26927 0.070789 0.0629 -0.0075401 7.2678e-05 -0.011778
-0.26934 0.070806 0.062804 -0.0061881 0.00045519 -0.010557
-0.26946 0.07084 0.062688 -0.0097661 0.0032514 -0.009755
-0.2695 0.070834 0.062616 -0.0058785 0.00055184 -0.0066578
-0.26951 0.070832 0.062531 -0.0010991 -0.00046108 -0.0076882
-0.26953 0.07084 0.062498 -0.00074257 -0.001704 -0.0038113
-0.26953 0.070852 0.062492 0.00066323 -0.00163 -0.0023753
-0.26954 0.070857 0.062483 0.00077664 -0.00096797 -0.0016102
-0.26954 0.070892 0.062478 -0.00063174 0.0033434 -0.00082566
-0.26949 0.070863 0.06252 0.0032198 -0.00085942 0.002624
-0.26949 0.070897 0.06253 0.0026603 0.0012002 0.0010326
-0.26953 0.07092 0.062531 -0.0033166 0.0021897 -0.00073983
-0.26949 0.070934 0.062545 0.0018805 0.0021429 0.00050058
-0.26949 0.070921 0.062546 0.0025288 0.00033144 0.0011741
-0.26952 0.070947 0.062545 -0.0024314 0.0026773 0.00064965
-0.26951 0.070927 0.062509 0.00032591 -0.00042259 -0.0021837
-0.26953 0.070907 0.062518 -0.0015005 -0.0013387 0.001262
-0.26954 0.070904 0.062512 -0.00050652 -0.0010436 -3.7259e-06
-0.26953 0.070921 0.062517 0.00019224 0.0011926 -0.00021773
-0.26951 0.070913 0.06252 0.0013502 0.00042325 0.00027999
-0.26951 0.070913 0.06252 -0.0004448 0.00030491 -0.0010297
-0.26951 0.070913 0.062535 -0.00055504 -0.0014485 0.00062
-0.26949 0.070926 0.062519 0.0011868 -0.0021721 -0.0020399
-0.26951 0.070954 0.062527 -0.0019243 0.0018434 -0.00071969
-0.26951 0.070962 0.062529 -0.0011654 0.00082765 0.00018688
-0.26947 0.070959 0.062504 0.0044662 0.00015451 -0.0024087
-0.26951 0.070965 0.06252 -0.00035326 0.00038603 -0.00035145
-0.26951 0.070965 0.06252 0.00027097 0.00023042 0.00029677
-0.26949 0.070963 0.06251 0.0023211 7.325e-06 0.00015628
-0.26949 0.070963 0.06252 0.0010841 -0.00020939 0.00096328
-0.26949 0.070969 0.062506 0.0026299 0.00032226 -0.00033315
-0.26949 0.070969 0.062517 0.00077405 0.00017986 -0.00050611
-0.26949 0.070966 0.062511 -1.5551e-07 -0.00010331 -0.00037472
-0.26951 0.070972 0.062488 -0.0018163 -0.00017783 -0.0031351
-0.26951 0.071011 0.062524 -0.0013539 0.0046628 0.0019202
-0.26953 0.071008 0.062498 -0.0037618 0.0028635 -0.0012494
-0.26951 0.071016 0.062486 -0.00035557 2.8036e-05 -0.0022246
-0.26951 0.071032 0.06248 0.00071693 0.0013724 -0.0027304
-0.26952 0.071018 0.062476 -0.0023006 -0.00058583 -0.0017222
-0.2695 0.071041 0.062478 0.0010424 -0.0013132 -0.00067694
-0.2695 0.07107 0.062492 3.2938e-05 0.0028311 0.0013816
-0.26949 0.071079 0.062474 0.0019745 0.00092605 -0.0017873
-0.26948 0.071089 0.062507 0.0020659 0.00077612 0.0026975
-0.26948 0.071085 0.062471 0.0016019 -0.0014744 -0.00229
-0.2695 0.071097 0.06249 0.00041243 0.00067249 0.0012303
-0.26952 0.0711 0.062475 -0.0025785 -0.00014434 0.0001086
-0.2695 0.071101 0.062466 -0.00034911 -0.00031584 -0.001647
-0.26948 0.071104 0.062492 0.00188 0.00035957 0.0016894
-0.26952 0.071134 0.062485 -0.0025353 0.0041411 0.0015959
-0.26952 0.071126 0.062483 -0.0027341 0.0012459 0.0010126
-0.2695 0.07113 0.06248 0.00016133 0.0016447 0.0003205
-0.2695 0.071133 0.062485 -0.00044177 0.00047771 -8.3524e-05
-0.26952 0.07114 0.062482 -0.0025818 0.001251 0.00058113
-0.2695 0.071144 0.062479 0.00067099 0.0017548 0.00016841
-0.2695 0.071146 0.062484 0.0002482 0.00075002 0.0010332
-0.2695 0.071129 0.062464 0.00041102 -0.00151 -0.0011752
-0.2695 0.071153 0.062466 -0.00026162 0.0013339 -0.00064348
-0.2695 0.071182 0.062465 -0.00086566 0.0040559 -0.00091567
-0.2695 0.071161 0.062469 0.00021043 0.00020003 0.00033053
-0.2695 0.071161 0.062469 -5.4816e-05 -0.0017583 -1.4811e-05
-0.2695 0.071193 0.062473 -0.0012053 0.0017319 -0.00082611
-0.2695 0.071178 0.062459 3.3379e-05 -0.0011607 -0.0012237
-0.26949 0.07118 0.062464 0.000678 -0.00060899 0.00016458
-0.2695 0.07121 0.062463 -0.00025387 0.0017562 0.00017657
-0.2695 0.071205 0.062452 -0.0001538 7.8675e-05 -0.0010127
-0.2695 0.071207 0.062458 0.0016755 -0.0025443 -0.00032576
-0.26952 0.071241 0.062462 -0.0023305 0.0022935 0.0016749
-0.2695 0.071222 0.062442 0.00034773 0.00050606 -0.00051649
-0.2695 0.071216 0.062445 -0.00017688 -0.00061195 -0.00064901
-0.26952 0.071253 0.062455 -0.0010959 0.0035787 0.00099937
-0.2695 0.071216 0.062445 0.00079811 -0.0014029 -0.00049584
-0.2695 0.071224 0.062448 0.00023669 0.00049884 -0.00029635
-0.2695 0.071224 0.062448 0.00092999 0.00057063 -0.00029781
-0.2695 0.071216 0.062445 0.0012946 -0.00059748 0.0013124
-0.26952 0.071229 0.062453 -0.00088937 0.0006112 0.0010717
-0.26951 0.071225 0.062428 -0.00073843 -0.00028358 -0.0024573
-0.26952 0.071258 0.062452 -1.84e-05 0.0041607 0.0026647
-0.2695 0.07123 0.062444 0.0012341 0.00043165 0.00057014
-0.26953 0.071234 0.06243 -0.0032322 0.00096854 -0.0017212
-0.26954 0.071256 0.062427 -0.0043835 0.002603 -0.0020578
-0.26951 0.071233 0.06243 -0.00088972 -0.0012807 -0.0026625
-0.2695 0.071251 0.062455 0.00074297 0.00076483 0.0013743
-0.2695 0.071256 0.062467 0.00061427 0.0012429 0.0020483
-0.26952 0.071261 0.062458 -0.0023182 0.0020398 0.00046088
-0.2695 0.071253 0.062461 0.00012835 0.0010255 0.00067516
-0.26949 0.071241 0.062452 0.00020032 -0.0020189 -0.00053568
-0.2695 0.071262 0.062449 -0.00038842 0.0020846 4.0969e-05
-0.2695 0.07123 0.062444 -0.00073744 -0.0018863 -0.0001495
-0.2695 0.071265 0.062455 -0.0001626 0.0030127 0.0013918
-0.2695 0.071257 0.062438 -0.00041845 0.0021047 -0.00049162
-0.26948 0.071269 0.062441 0.00214 0.0034818 -0.00042226
-0.26954 0.071264 0.062429 -0.0041249 0.0036847 -0.00038341
-0.26951 0.071236 0.062421 -0.00046606 -0.0014822 -0.0013453
-0.26951 0.071244 0.062423 0.0010226 -0.00053661 -0.0011043
-0.26954 0.071267 0.06242 -0.0033821 0.0037498 -0.0013703
-0.26952 0.071289 0.062437 0.00028862 0.005942 0.0013107
-0.26952 0.071257 0.062432 -0.00049648 0.0005487 0.00057551
-0.26952 0.071254 0.062427 -0.00072271 -0.00029713 -7.5778e-05
-0.26954 0.071264 0.062429 -0.0023329 0.00029596 -8.5041e-05
-0.26954 0.071258 0.062432 -0.0025144 -0.00066639 0.00081417
-0.26954 0.071258 0.062432 -0.0024096 -0.00088559 0.00016185
-0.26951 0.071271 0.062431 0.0011294 0.0010598 0.00021175
-0.26952 0.07126 0.062423 0.0016562 0.00012132 8.4595e-05
-0.26952 0.071257 0.062418 0.0012397 0.001249 0.00031717
-0.26956 0.071265 0.062394 -0.0042204 0.00071433 -0.0024133
-0.26953 0.071237 0.062387 9.5656e-06 -0.00047647 -0.0019908
-0.26957 0.071241 0.062372 -0.0034227 -0.0021683 -0.0021245
-0.26957 0.07125 0.06236 -0.0028262 -0.0011524 -0.0013309
-0.26955 0.071243 0.062338 0.0013851 -0.0015382 -0.0029848
-0.26959 0.071274 0.062342 -0.0029445 0.0015464 2.8317e-05
-0.26957 0.071289 0.062332 -0.0006757 -0.00076843 -0.00054577
-0.26957 0.071306 0.062322 9.6909e-05 0.00089255 -0.00040299
-0.26958 0.071343 0.062288 -0.0010599 0.002931 -0.0031104
-0.26957 0.071339 0.062267 -0.001308 0.0012307 -0.0016156
-0.26957 0.071376 0.062238 -0.0026723 0.0028333 -0.0026131
-0.26955 0.071394 0.062224 0.0006483 0.0023894 -0.001777
-0.26956 0.071452 0.062206 0.0015606 0.0047117 -0.0014159
-0.26959 0.071488 0.062162 -0.0017058 0.0036339 -0.0039947
-0.26961 0.071536 0.062101 -0.0034805 0.0063106 -0.0060912
-0.26963 0.07154 0.062052 -0.0026893 0.0021969 -0.0045375
-0.26965 0.07157 0.061981 -0.0030227 0.0022304 -0.005562
-0.14402 0.045627 -0.13801 -0.13839 0.085376 0.11645
-0.14488 0.046167 -0.13733 -0.14119 0.087403 0.11523
-0.14575 0.046719 -0.13661 -0.14182 0.089605 0.118
-0.14659 0.047232 -0.13584 -0.14028 0.085803 0.12448
-0.14736 0.047791 -0.13502 -0.13324 0.089711 0.13161
-0.1482 0.048336 -0.13427 -0.13607 0.090906 0.12744
-0.14909 0.048848 -0.13356 -0.14294 0.086247 0.12375
-0.14997 0.04941 -0.13284 -0.14382 0.089296 0.12127
-0.15086 0.049951 -0.13205 -0.14504 0.089452 0.12824
-0.15166 0.050553 -0.1312 -0.13824 0.094567 0.13675
-0.1525 0.051106 -0.13041 -0.14038 0.09275 0.13182
-0.15338 0.051635 -0.12963 -0.14331 0.090243 0.13153
-0.15423 0.052148 -0.12884 -0.14173 0.087373 0.13258
-0.15513 0.052752 -0.12803 -0.14763 0.095621 0.13248
-0.15599 0.053324 -0.1272 -0.14436 0.095643 0.13641
-0.15683 0.053862 -0.12633 -0.14172 0.092212 0.1411
-0.15771 0.054432 -0.12548 -0.14449 0.093545 0.14053
-0.15861 0.05502 -0.12462 -0.14878 0.095787 0.14294
-0.15951 0.055606 -0.12374 -0.14889 0.095942 0.14301
-0.16037 0.056165 -0.1229 -0.14439 0.093783 0.14187
-0.16122 0.056737 -0.12198 -0.14259 0.094295 0.1491
-0.16212 0.057338 -0.12104 -0.14802 0.097267 0.15278
-0.16302 0.057918 -0.1201 -0.1504 0.095835 0.15484
-0.16396 0.058501 -0.11919 -0.15373 0.095367 0.15247
-0.16488 0.059067 -0.1183 -0.15446 0.094477 0.14986
-0.16573 0.059675 -0.1173 -0.14444 0.097969 0.16066
-0.1666 0.060251 -0.1163 -0.14429 0.095463 0.16491
-0.16756 0.060831 -0.11529 -0.15337 0.095687 0.16674
-0.16853 0.061433 -0.11432 -0.15692 0.098216 0.16487
-0.16946 0.061994 -0.11336 -0.15387 0.094453 0.16185
-0.17035 0.062579 -0.11229 -0.15074 0.096897 0.1721
-0.17125 0.063157 -0.11118 -0.15072 0.095842 0.18021
-0.17225 0.063736 -0.11018 -0.16063 0.095966 0.17141
-0.1733 0.064242 -0.10925 -0.17032 0.088842 0.16214
-0.17425 0.064844 -0.10814 -0.1623 0.095098 0.17566
-0.1751 0.065424 -0.10699 -0.14937 0.094436 0.18547
-0.17608 0.065939 -0.10589 -0.15766 0.088857 0.18403
-0.17713 0.066503 -0.10481 -0.16911 0.092059 0.18025
-0.17813 0.067089 -0.1037 -0.1674 0.095456 0.18343
-0.17904 0.067629 -0.10253 -0.15717 0.091778 0.19235
-0.17999 0.068133 -0.10134 -0.15524 0.084905 0.19572
-0.18098 0.068692 -0.10016 -0.16024 0.090364 0.19583
-0.182 0.069248 -0.098968 -0.16563 0.090978 0.19766
-0.18302 0.069812 -0.097777 -0.16639 0.090553 0.19722
-0.184 0.070276 -0.096626 -0.16463 0.08264 0.19304
-0.18502 0.070787 -0.095375 -0.16554 0.083696 0.20183
-0.18601 0.071403 -0.094057 -0.16474 0.093913 0.21096
-0.18698 0.071895 -0.09283 -0.16265 0.085425 0.20526
-0.18797 0.072313 -0.091599 -0.16346 0.075427 0.20415
-0.18902 0.072794 -0.090313 -0.17001 0.07768 0.21002
-0.19006 0.073335 -0.089007 -0.17092 0.084377 0.21364
-0.19107 0.073805 -0.087711 -0.16826 0.0814 0.21488
-0.19205 0.074252 -0.086426 -0.16414 0.07708 0.21412
-0.19308 0.07471 -0.085124 -0.16712 0.076721 0.21669
-0.19417 0.075127 -0.083812 -0.17685 0.071474 0.21717
-0.19523 0.075513 -0.082496 -0.17663 0.066714 0.21932
-0.19622 0.075945 -0.081103 -0.17047 0.069336 0.22692
-0.19725 0.076339 -0.079708 -0.17114 0.066397 0.23047
-0.19832 0.076718 -0.078385 -0.17533 0.063613 0.22427
-0.1994 0.077103 -0.077008 -0.17582 0.063618 0.2281
-0.20047 0.077543 -0.075591 -0.17657 0.068752 0.23302
-0.20148 0.077909 -0.07417 -0.17165 0.062833 0.23388
-0.20247 0.078265 -0.072741 -0.16817 0.059789 0.23637
-0.20354 0.078621 -0.071292 -0.17358 0.058501 0.23848
-0.20461 0.078945 -0.069884 -0.17728 0.055641 0.23491
-0.20564 0.079261 -0.068453 -0.17254 0.052265 0.23731
-0.20661 0.079581 -0.066921 -0.16628 0.051797 0.2479
-0.20758 0.0799 -0.065421 -0.16259 0.051562 0.24881
-0.20863 0.080192 -0.063956 -0.16962 0.048851 0.24592
-0.2097 0.080455 -0.062457 -0.17416 0.045679 0.24816
-0.21068 0.080762 -0.06096 -0.16604 0.048025 0.24902
-0.21164 0.081023 -0.059434 -0.1619 0.043977 0.2522
-0.21261 0.081262 -0.057893 -0.16057 0.039693 0.2556
-0.21365 0.081466 -0.056389 -0.1675 0.035403 0.25203
-0.21472 0.08169 -0.054923 -0.17196 0.034671 0.24584
-0.21565 0.08193 -0.053355 -0.16102 0.037219 0.25497
-0.21655 0.082167 -0.051717 -0.1544 0.037718 0.26439
-0.21751 0.082325 -0.050217 -0.15634 0.029094 0.25542
-0.21853 0.082507 -0.048707 -0.16455 0.0299 0.25172
-0.21951 0.082695 -0.047159 -0.16276 0.028957 0.25486
-0.22045 0.082889 -0.045591 -0.15739 0.028974 0.25774
-0.22131 0.083045 -0.044065 -0.14777 0.025169 0.25474
-0.2222 0.083187 -0.042472 -0.14721 0.023641 0.26063
-0.22322 0.08332 -0.040973 -0.1581 0.021701 0.25494
-0.22419 0.083464 -0.039491 -0.15714 0.021258 0.24965
-0.22499 0.083686 -0.037925 -0.14256 0.029606 0.25494
-0.22585 0.083807 -0.036409 -0.14096 0.02176 0.25211
-0.22677 0.083918 -0.034908 -0.14625 0.019095 0.25082
-0.22768 0.084074 -0.033416 -0.14648 0.022093 0.24851
-0.22851 0.08422 -0.031893 -0.13884 0.022417 0.25173
-0.22936 0.084331 -0.030393 -0.13966 0.019406 0.24908
-0.23018 0.084449 -0.028921 -0.13725 0.019003 0.24803
-0.23104 0.084582 -0.027464 -0.14116 0.021158 0.24367
-0.23188 0.084707 -0.026008 -0.14022 0.020652 0.24304
-0.23269 0.084848 -0.024591 -0.13635 0.020921 0.23872
-0.23345 0.084979 -0.023137 -0.13194 0.019671 0.23853
-0.2342 0.085081 -0.021726 -0.12747 0.01769 0.23694
-0.23497 0.085165 -0.020289 -0.1279 0.015147 0.23863
-0.23571 0.08529 -0.018888 -0.12387 0.020061 0.23589
-0.23645 0.08542 -0.017527 -0.12419 0.020798 0.22966
-0.23718 0.085577 -0.016137 -0.12234 0.023526 0.23195
-0.23786 0.085653 -0.014791 -0.11515 0.01676 0.2299
-0.23846 0.085681 -0.013383 -0.10614 0.0099471 0.23433
-0.23914 0.085749 -0.012051 -0.11133 0.010937 0.22679
-0.23983 0.085883 -0.010789 -0.11246 0.018072 0.21849
-0.24045 0.086003 -0.009456 -0.10697 0.0189 0.22021
-0.24097 0.086022 -0.008131 -0.095313 0.0093665 0.22113
-0.24151 0.086001 -0.006843 -0.090162 0.0015272 0.21835
-0.24205 0.085995 -0.005575 -0.088064 -0.00053523 0.21255
-0.24255 0.086091 -0.004301 -0.085981 0.0093796 0.21241
-0.24309 0.086181 -0.003051 -0.087015 0.011505 0.2105
-0.24356 0.086217 -0.001808 -0.079713 0.0077546 0.20948
-0.24397 0.08617 -0.000594 -0.071475 -0.0019989 0.20479
-0.24433 0.086155 0.000684 -0.064013 -0.0031457 0.21043
-0.24468 0.086163 0.001867 -0.060876 -0.001364 0.20151
-0.24513 0.086143 0.002975 -0.067777 -0.0032124 0.19266
-0.24545 0.086195 0.004196 -0.056565 0.0025132 0.19993
-0.2457 0.086226 0.005431 -0.045886 0.0029453 0.2039
-0.24596 0.086221 0.006583 -0.043469 0.00040231 0.19761
-0.24627 0.086176 0.007687 -0.047404 -0.0045415 0.19081
-0.24657 0.086211 0.008839 -0.04703 0.0016244 0.19192
-0.24675 0.08621 0.009986 -0.036767 0.00065981 0.19162
-0.2469 0.086261 0.011132 -0.029086 0.0060808 0.19206
-0.24707 0.086265 0.012225 -0.028283 0.003267 0.18658
-0.24726 0.086287 0.013295 -0.030111 0.0036015 0.18242
-0.24738 0.086263 0.014425 -0.021939 -0.00059196 0.18724
-0.24752 0.086284 0.015532 -0.022701 0.0019207 0.18561
-0.24763 0.086288 0.016579 -0.019367 0.0011402 0.18
-0.24772 0.08628 0.017601 -0.016762 -0.00054001 0.1754
-0.24781 0.086318 0.018699 -0.014025 0.0043546 0.18056
-0.24783 0.086322 0.019784 -0.0062469 0.0022429 0.1823
-0.24788 0.086293 0.020828 -0.0078001 -0.0020894 0.17802
-0.24791 0.086291 0.021826 -0.0047126 -0.00053677 0.17214
-0.2479 0.086283 0.022881 -0.00033033 -0.00069319 0.17602
-0.24792 0.086268 0.023934 -0.00080372 -0.00063121 0.17897
-0.24794 0.086298 0.02496 -0.0029868 0.0023508 0.17581
-0.24793 0.086263 0.025931 -0.00058523 -0.0024173 0.1675
-0.24786 0.086229 0.026915 0.0077044 -0.0042627 0.16583
-0.24778 0.086211 0.027967 0.01112 -0.0033235 0.17303
-0.24773 0.086174 0.029008 0.010344 -0.0049765 0.17514
-0.24764 0.086113 0.029981 0.014644 -0.0091317 0.16734
-0.24758 0.0861 0.030912 0.0127 -0.0056128 0.16066
-0.2475 0.086094 0.031901 0.014652 -0.0040841 0.16388
-0.24733 0.086066 0.032925 0.02426 -0.0062616 0.16892
-0.24717 0.085997 0.033943 0.026047 -0.0093308 0.16987
-0.24712 0.08598 0.034871 0.015438 -0.0059509 0.16108
-0.24704 0.085977 0.035803 0.014376 -0.0026677 0.15825
-0.24687 0.085949 0.036732 0.023973 -0.0030759 0.15679
-0.24668 0.085885 0.037729 0.027816 -0.0070427 0.16302
-0.24656 0.085853 0.038668 0.022626 -0.0061107 0.15877
-0.24645 0.085833 0.039588 0.020195 -0.0044975 0.15507
-0.24627 0.085811 0.040483 0.028195 -0.0050619 0.15164
-0.24611 0.085788 0.041404 0.0272 -0.0047418 0.15251
-0.24592 0.085741 0.042384 0.030838 -0.00624 0.16058
-0.2458 0.085692 0.043254 0.024932 -0.0079193 0.15206
-0.24565 0.085656 0.044091 0.02513 -0.0064925 0.14602
-0.24552 0.085639 0.04497 0.023382 -0.0041244 0.14716
-0.24535 0.085635 0.045895 0.026012 -0.0022829 0.15148
-0.24519 0.08562 0.046797 0.026541 -0.002765 0.15089
-0.24503 0.085567 0.047607 0.027009 -0.00568 0.14204
-0.24487 0.085555 0.048418 0.028336 -0.0041868 0.13892
-0.24471 0.085553 0.049247 0.028695 -0.0018088 0.13891
-0.24455 0.085528 0.05014 0.028359 -0.0043699 0.14433
-0.24439 0.085542 0.05098 0.027603 -0.00068269 0.1422
-0.24427 0.085541 0.051725 0.023388 -0.00028517 0.13146
-0.24413 0.085522 0.052462 0.023231 -0.0015992 0.12809
-0.24402 0.085546 0.053248 0.021459 0.0018196 0.13133
-0.24385 0.085564 0.054079 0.024726 0.0023293 0.13578
-0.24367 0.085556 0.054881 0.028008 0.00068211 0.13514
-0.24356 0.085552 0.055596 0.02352 0.00066741 0.1267
-0.24349 0.085582 0.056242 0.016804 0.003265 0.11611
-0.2434 0.085583 0.056943 0.017107 0.0002143 0.11793
-0.24328 0.085583 0.057695 0.019833 -0.00085347 0.12315
-0.24314 0.085624 0.058432 0.023029 0.0037459 0.12355
-0.24309 0.085653 0.059078 0.015069 0.0049888 0.11429
-0.243 0.085678 0.059718 0.01474 0.0044836 0.11109
-0.24296 0.085712 0.060295 0.0098646 0.005312 0.10361
-0.24289 0.085743 0.060941 0.012323 0.0047688 0.10719
-0.24283 0.085783 0.061632 0.010701 0.0058148 0.11277
-0.24278 0.085802 0.06221 0.0079511 0.0044261 0.10277
-0.24276 0.085832 0.062802 0.0054046 0.0047211 0.10045
-0.24274 0.085866 0.063362 0.0044851 0.0050725 0.097165
-0.24268 0.08592 0.063963 0.0072543 0.0082615 0.10023
-0.24272 0.085958 0.064482 0.00016304 0.0071755 0.092653
-0.24276 0.085987 0.065004 -0.0026042 0.004859 0.089666
-0.24278 0.086017 0.065502 -0.0024221 0.0057798 0.086668
-0.24276 0.086078 0.066056 0.0021532 0.0080891 0.089724
-0.24284 0.086091 0.066526 -0.0061854 0.0050838 0.082854
-0.24288 0.086153 0.066988 -0.0066984 0.0072258 0.078682
-0.24294 0.086154 0.067425 -0.0081354 0.0019666 0.075459
-0.24298 0.086215 0.067864 -0.0068969 0.0068797 0.074767
-0.24299 0.086223 0.068348 -0.003676 0.0041569 0.078386
-0.24306 0.086263 0.068742 -0.0086508 0.0057644 0.069833
-0.24315 0.08629 0.069086 -0.013244 0.0050402 0.061837
-0.24326 0.086354 0.0694 -0.016791 0.0090493 0.056944
-0.24329 0.086374 0.069738 -0.0098292 0.0064084 0.057623
-0.24335 0.08641 0.070119 -0.0091928 0.0060536 0.061033
-0.24349 0.086455 0.07046 -0.017404 0.0067694 0.058509
-0.24355 0.086474 0.070766 -0.012066 0.0046299 0.053743
-0.24368 0.086484 0.070995 -0.017503 0.0028985 0.044874
-0.24377 0.08655 0.07127 -0.015522 0.0070494 0.046148
-0.24382 0.086543 0.071509 -0.011483 0.001238 0.042883
-0.2439 0.086598 0.071763 -0.012189 0.0053631 0.042942
-0.244 0.086617 0.071921 -0.014703 0.0036589 0.033068
-0.24407 0.086638 0.072121 -0.012411 0.0033934 0.033405
-0.24416 0.086671 0.072283 -0.014434 0.0048172 0.029466
-0.24426 0.086726 0.072448 -0.015206 0.0082708 0.028745
-0.24435 0.08675 0.072578 -0.015458 0.0066561 0.025569
-0.24446 0.086747 0.072645 -0.01634 0.0015744 0.016349
-0.24457 0.086775 0.072697 -0.01794 0.0035354 0.011706
-0.24465 0.086819 0.072785 -0.013273 0.0050259 0.014211
-0.24472 0.086813 0.072852 -0.010847 0.0013832 0.012824
-0.24482 0.086865 0.072884 -0.014786 0.0047737 0.0088779
-0.24489 0.086852 0.07292 -0.012694 0.0013825 0.0074259
-0.24496 0.086872 0.072938 -0.011902 0.0026084 0.0055851
-0.245 0.086883 0.072945 -0.0091112 0.0021056 0.0030083
-0.24504 0.08689 0.07294 -0.0073409 0.00087508 0.0014087
-0.24508 0.086928 0.072911 -0.0071617 0.0047794 -0.0022979
-0.24511 0.086915 0.07288 -0.0053173 0.00051958 -0.0048793
-0.24511 0.08694 0.072882 -0.00192 0.0034887 -0.0012545
-0.24516 0.086952 0.072838 -0.0058495 0.0027589 -0.0044411
-0.24517 0.086947 0.072779 -0.0039778 0.0006169 -0.0079369
-0.24517 0.086959 0.072749 -0.00082955 0.0013763 -0.0064851
-0.24521 0.086976 0.072709 -0.0040559 0.0021582 -0.007092
-0.24522 0.086977 0.072647 -0.0024818 -0.00015832 -0.0097262
-0.2452 0.08699 0.072646 0.0004381 0.0013754 -0.0037204
-0.24519 0.086976 0.072608 0.0020698 -0.00022303 -0.0058713
-0.2452 0.086988 0.072585 0.00094615 0.0011464 -0.0041723
-0.24524 0.086967 0.072535 -0.0029315 -0.002472 -0.0059591
-0.24527 0.087009 0.072496 -0.0045514 0.0032968 -0.0058217
-0.24529 0.087002 0.07247 -0.0046104 -0.00021598 -0.0054019
-0.2453 0.087003 0.072446 -0.0032339 -0.00015208 -0.0043634
-0.2453 0.08703 0.072437 -0.00017494 0.0035516 -0.0025953
-0.24533 0.087039 0.072411 -0.0035467 0.0027906 -0.004145
-0.24533 0.087039 0.072393 -3.2721e-05 0.0026739 -0.0028515
-0.24536 0.087041 0.072364 -0.003657 0.0018368 -0.004614
-0.24536 0.087044 0.072355 -0.0013944 0.0004507 -0.0027633
-0.24538 0.087043 0.072346 -0.001394 -9.3441e-05 -0.0011809
-0.24538 0.087053 0.072334 -0.0014315 0.0017687 -0.0017187
-0.2454 0.087061 0.072314 -0.0036954 0.0009573 -0.0024612
-0.2454 0.087062 0.07229 -0.0022228 0.00049827 -0.0041377
-0.24541 0.087087 0.072292 -0.0030722 0.0037076 -0.0023938
-0.2454 0.087073 0.072284 -0.0006606 0.00038668 -0.0020957
-0.2454 0.087073 0.072284 -0.00081592 0.00021788 -0.00083314
-0.24542 0.08707 0.072249 -0.0020595 -0.00017484 -0.0038499
-0.24539 0.087039 0.072255 0.002563 -0.0033191 -0.00074383
-0.24541 0.08708 0.072258 -0.0015951 0.0026739 0.00058983
-0.24541 0.08707 0.072231 0.00027552 -1.9296e-05 -0.0014889
-0.2454 0.087048 0.072234 0.00067247 -0.0022497 -0.00040364
-0.24544 0.087087 0.072207 -0.004191 0.0020845 -0.0024731
-0.24544 0.08708 0.072187 -0.0021421 0.0013349 -0.0034428
-0.24543 0.087059 0.072175 -0.00053238 -0.00076763 -0.0022832
-0.24543 0.087057 0.07217 -0.00072016 -0.0013696 -0.0015516
-0.24545 0.087063 0.072181 -0.0028489 0.00025967 0.00074916
-0.24545 0.087088 0.072166 -0.0015894 0.0035677 -4.9604e-05
-0.24545 0.087056 0.07214 -0.0004669 -0.0025948 -0.0025585
-0.24544 0.087066 0.072125 0.0011616 -5.5078e-05 -0.002063
-0.24548 0.087101 0.072113 -0.0026764 0.0025302 -0.0030828
-0.24546 0.087094 0.072119 -0.00044554 0.00056021 -0.0024771
-0.24551 0.087076 0.072075 -0.0058333 -0.0008174 -0.0059909
-0.24551 0.08711 0.072048 -0.00093094 0.0026203 -0.0046911
-0.2455 0.087086 0.072046 0.00027127 -0.0022034 -0.002187
-0.24552 0.087119 0.072066 -0.0023371 0.0024352 0.0019836
-0.24552 0.087122 0.072019 -0.00066785 0.0013816 -0.0032912
-0.2455 0.08713 0.072021 0.0011104 0.0012911 -0.00062091
-0.24554 0.087141 0.071984 -0.003709 0.0017607 -0.0043829
-0.24552 0.087135 0.071972 -0.00023109 7.3974e-06 -0.0038664
-0.24552 0.087145 0.071981 -0.00069699 0.0010721 -0.00045136
-0.24552 0.087148 0.071972 0.00031271 0.00086048 -0.00036389
-0.24552 0.087141 0.071945 0.0010656 -0.0001351 -0.0021217
-0.24553 0.087151 0.071954 -0.00041406 0.0010345 -0.00018943
-0.24554 0.087153 0.071939 -0.0004007 0.0004893 -0.0017286
-0.24553 0.087155 0.071945 8.7443e-05 0.00059274 0.00046045
-0.24552 0.087155 0.071945 0.0015895 0.00039574 4.9985e-05
-0.24552 0.087159 0.071966 0.0014723 0.00051922 0.0031759
-0.24553 0.087162 0.071948 -0.00019725 -2.203e-05 -0.00016451
-0.24553 0.087168 0.071945 -2.1069e-05 0.00054278 -0.00035343
-0.24554 0.087187 0.071951 -0.00039767 0.001565 0.00024582
-0.24553 0.08717 0.071951 0.00048313 -0.00086605 -0.0001058
-0.24553 0.087202 0.071957 -5.109e-05 0.0020375 6.1654e-05
-0.24553 0.087176 0.071948 0.000313 -0.00096683 -0.00021387
-0.24553 0.087183 0.071951 0.0002578 0.00016887 0.00012847
-0.24553 0.087187 0.071942 8.2453e-05 -0.00033868 -0.0012396
-0.24553 0.087193 0.071939 0.00021755 7.6663e-05 -0.001177
-0.24553 0.087227 0.071951 -0.00021778 0.0044474 0.00067571
-0.24553 0.087231 0.071942 -0.00018957 0.001774 -0.00041779
-0.24553 0.08721 0.071931 0.00025771 -0.00044784 -0.0011582
-0.24553 0.087238 0.071945 0.00030511 0.0018516 0.001172
-0.24554 0.087248 0.071909 -0.0017905 0.0015974 -0.0037308
-0.24553 0.087255 0.071936 0.00046236 0.0022848 0.000814
-0.24552 0.087232 0.071919 0.00054436 -0.0023327 -0.0018616
-0.24554 0.087263 0.071895 -0.0017267 0.0028738 -0.0027131
-0.24554 0.087268 0.071906 -0.00042592 0.0015635 0.00013323
-0.24554 0.08728 0.071886 -0.001155 0.0019022 -0.0036361
-0.15268 0.005458 -0.16605 -0.099668 0.10076 0.11246
-0.15331 0.006073 -0.16533 -0.10364 0.10092 0.11621
-0.15397 0.006689 -0.16458 -0.10686 0.10173 0.12205
-0.15468 0.007252 -0.16385 -0.11337 0.096024 0.12078
-0.15539 0.007887 -0.16309 -0.11485 0.10201 0.12365
-0.15608 0.008492 -0.16228 -0.11376 0.10068 0.13029
-0.15679 0.009124 -0.16146 -0.11563 0.10264 0.13359
-0.15757 0.009731 -0.16064 -0.12473 0.10114 0.13375
-0.15838 0.010346 -0.15983 -0.12925 0.10091 0.13383
-0.15922 0.011021 -0.15894 -0.13445 0.10677 0.14136
-0.15999 0.011686 -0.15805 -0.12958 0.10822 0.14526
-0.16083 0.012338 -0.15711 -0.13425 0.10655 0.15032
-0.16168 0.012983 -0.15618 -0.13728 0.1059 0.15254
-0.16259 0.013698 -0.15521 -0.14576 0.11426 0.15646
-0.16351 0.014369 -0.15428 -0.15105 0.11079 0.15416
-0.16445 0.015056 -0.1533 -0.15345 0.11237 0.1604
-0.16541 0.015769 -0.15229 -0.15562 0.11487 0.1635
-0.16635 0.016497 -0.15125 -0.15658 0.11827 0.16965
-0.16727 0.017179 -0.15017 -0.15408 0.11428 0.17562
-0.16825 0.017913 -0.1491 -0.15765 0.11791 0.1766
-0.16928 0.018656 -0.14801 -0.16569 0.12008 0.17886
-0.1703 0.019381 -0.14697 -0.1681 0.11911 0.17473
-0.17131 0.020132 -0.14586 -0.16812 0.12208 0.1814
-0.17232 0.02086 -0.1447 -0.1675 0.11963 0.18871
-0.17339 0.021591 -0.14355 -0.17252 0.12005 0.19058
-0.17447 0.022349 -0.1424 -0.17667 0.12278 0.19053
-0.17551 0.023067 -0.14124 -0.1732 0.1201 0.19123
-0.17658 0.023818 -0.14006 -0.17479 0.12155 0.1936
-0.17767 0.024555 -0.13886 -0.17889 0.12266 0.1991
-0.17875 0.025309 -0.13763 -0.17837 0.12372 0.20179
-0.17981 0.026038 -0.13641 -0.17697 0.12066 0.20358
-0.18091 0.026768 -0.13516 -0.17956 0.12004 0.20575
-0.18208 0.027518 -0.13394 -0.1876 0.12225 0.20532
-0.18325 0.028269 -0.13272 -0.19176 0.12337 0.20496
-0.18438 0.029026 -0.13148 -0.18709 0.12413 0.20734
-0.18548 0.029773 -0.13018 -0.18332 0.12314 0.21227
-0.18657 0.030484 -0.12891 -0.17958 0.11888 0.2119
-0.18772 0.031223 -0.12761 -0.18857 0.11845 0.21228
-0.18889 0.031998 -0.12632 -0.19224 0.12469 0.21414
-0.19004 0.032766 -0.12499 -0.19058 0.12572 0.21934
-0.19114 0.033478 -0.12366 -0.18417 0.11928 0.22096
-0.19225 0.034227 -0.1223 -0.18519 0.12178 0.224
-0.19338 0.034986 -0.12099 -0.18451 0.1223 0.22006
-0.19459 0.035714 -0.11965 -0.19269 0.12138 0.22201
-0.19572 0.036471 -0.11829 -0.188 0.12173 0.22396
-0.19681 0.037219 -0.11689 -0.18264 0.12063 0.23032
-0.19795 0.037983 -0.11548 -0.18829 0.12449 0.23119
-0.1991 0.038684 -0.11414 -0.19148 0.11955 0.22528
-0.20028 0.03947 -0.11274 -0.19388 0.1256 0.23136
-0.20136 0.040202 -0.11132 -0.18531 0.12318 0.2358
-0.20244 0.040955 -0.10985 -0.18336 0.12398 0.24153
-0.20359 0.041703 -0.1084 -0.18936 0.12422 0.242
-0.20473 0.042445 -0.10697 -0.19036 0.12321 0.24038
-0.2058 0.043176 -0.10551 -0.18341 0.12178 0.24238
-0.20691 0.043948 -0.10397 -0.18396 0.12487 0.25015
-0.20797 0.044662 -0.10247 -0.1798 0.12123 0.25101
-0.20908 0.045398 -0.10095 -0.18288 0.12139 0.25276
-0.21018 0.046093 -0.099442 -0.18299 0.11721 0.25167
-0.21134 0.046835 -0.097932 -0.19106 0.12028 0.25084
-0.21253 0.04754 -0.096435 -0.19609 0.11873 0.25043
-0.21361 0.048277 -0.094876 -0.18557 0.12148 0.25738
-0.21469 0.048973 -0.093282 -0.18213 0.11859 0.26279
-0.21584 0.049689 -0.091719 -0.18904 0.11861 0.26124
-0.21699 0.050386 -0.09017 -0.19171 0.11565 0.26081
-0.21814 0.051079 -0.08859 -0.19061 0.11448 0.26324
-0.2192 0.051763 -0.086968 -0.18171 0.11304 0.26725
-0.22033 0.052464 -0.085352 -0.18506 0.11472 0.26919
-0.22149 0.053142 -0.083785 -0.19081 0.11203 0.26389
-0.22263 0.053828 -0.082136 -0.19003 0.11254 0.27045
-0.2237 0.05444 -0.080503 -0.18183 0.10458 0.2721
-0.22479 0.055121 -0.07886 -0.18183 0.1095 0.27362
-0.2259 0.055776 -0.077187 -0.18429 0.1083 0.27735
-0.227 0.056448 -0.0755 -0.18314 0.11052 0.27965
-0.2281 0.057054 -0.073821 -0.18325 0.10308 0.27976
-0.22918 0.057696 -0.072159 -0.18094 0.10347 0.2783
-0.23027 0.058341 -0.070472 -0.18169 0.10417 0.27958
-0.23136 0.058941 -0.068771 -0.18062 0.10052 0.282
-0.23243 0.059536 -0.067092 -0.17883 0.097196 0.28017
-0.23345 0.060187 -0.065326 -0.17208 0.10205 0.28907
-0.23447 0.06081 -0.063542 -0.172 0.10207 0.29444
-0.23554 0.061432 -0.061779 -0.17575 0.10215 0.2946
-0.23654 0.062028 -0.060017 -0.17025 0.099763 0.29535
-0.2375 0.062605 -0.058198 -0.16445 0.096037 0.30069
-0.23846 0.063144 -0.056426 -0.16343 0.09078 0.29855
-0.23954 0.063716 -0.054656 -0.17455 0.093083 0.29721
-0.24053 0.064305 -0.052854 -0.17033 0.095467 0.3002
-0.24143 0.064827 -0.051017 -0.15778 0.089727 0.30418
-0.2423 0.065415 -0.049127 -0.15121 0.093994 0.31165
-0.24324 0.06597 -0.047296 -0.15528 0.092362 0.30853
-0.24416 0.066476 -0.045473 -0.15587 0.087089 0.30485
-0.24517 0.066987 -0.043719 -0.16337 0.085054 0.29693
-0.24603 0.067487 -0.041858 -0.14959 0.082309 0.30456
-0.24678 0.067968 -0.039935 -0.1343 0.080545 0.3157
-0.24761 0.068455 -0.038023 -0.13713 0.079923 0.31838
-0.24847 0.068934 -0.036134 -0.13997 0.079089 0.31741
-0.24933 0.069389 -0.034314 -0.1404 0.076243 0.30933
-0.25007 0.069797 -0.032498 -0.12868 0.070017 0.30536
-0.25083 0.070222 -0.030614 -0.12558 0.06972 0.31098
-0.25163 0.070658 -0.028732 -0.12966 0.07068 0.31346
-0.25239 0.071064 -0.026903 -0.12698 0.067721 0.30753
-0.25307 0.07146 -0.025043 -0.11841 0.065654 0.30918
-0.25375 0.071857 -0.023166 -0.11482 0.06494 0.31086
-0.25447 0.072227 -0.021402 -0.11752 0.061448 0.30036
-0.25517 0.072594 -0.019705 -0.11693 0.060822 0.29033
-0.25566 0.072859 -0.01793 -0.096227 0.049713 0.29369
-0.25598 0.073161 -0.016068 -0.070319 0.048666 0.30459
-0.25641 0.073463 -0.014237 -0.073373 0.048825 0.30382
-0.25705 0.073822 -0.012457 -0.095216 0.054355 0.29893
-0.25772 0.074147 -0.010776 -0.10444 0.053277 0.28634
-0.2582 0.074455 -0.009101 -0.088817 0.051578 0.28131
-0.25858 0.074813 -0.00733 -0.07272 0.055695 0.29022
-0.25906 0.075113 -0.00554 -0.079729 0.050761 0.29518
-0.25963 0.075385 -0.003794 -0.090928 0.046675 0.29165
-0.26008 0.075685 -0.002085 -0.0804 0.047125 0.2863
-0.26048 0.075955 -0.000362 -0.071787 0.044934 0.28707
-0.26079 0.076215 0.001377 -0.05986 0.042951 0.29041
-0.26113 0.076505 0.003135 -0.059349 0.046484 0.29178
-0.26152 0.076791 0.004844 -0.063402 0.046586 0.2876
-0.26185 0.077021 0.006462 -0.059056 0.040073 0.27637
-0.26222 0.077282 0.008085 -0.061668 0.041308 0.2723
-0.26261 0.077554 0.009756 -0.064591 0.043376 0.27642
-0.263 0.077795 0.011417 -0.065702 0.040018 0.27621
-0.26327 0.078024 0.013008 -0.053757 0.038256 0.26991
-0.26346 0.078261 0.014624 -0.041271 0.038556 0.26952
-0.26368 0.078491 0.016169 -0.038339 0.037939 0.26316
-0.26404 0.078703 0.017752 -0.050549 0.034949 0.26413
-0.26434 0.07896 0.019328 -0.050175 0.03839 0.26295
-0.26456 0.079163 0.020867 -0.042754 0.035234 0.25988
-0.26478 0.079374 0.022366 -0.040603 0.034955 0.254
-0.26502 0.079568 0.023812 -0.040606 0.032475 0.24492
-0.26518 0.079752 0.025273 -0.033618 0.032099 0.24355
-0.26539 0.079953 0.026769 -0.034572 0.03228 0.24675
-0.26563 0.080109 0.028256 -0.038685 0.02745 0.24662
-0.26581 0.080277 0.029669 -0.032941 0.027215 0.24012
-0.26598 0.080418 0.031065 -0.029301 0.024273 0.23602
-0.2661 0.080574 0.032452 -0.024578 0.025003 0.23326
-0.26626 0.08071 0.033866 -0.026284 0.023974 0.23589
-0.26635 0.08081 0.035237 -0.019443 0.019136 0.23064
-0.26649 0.080891 0.036558 -0.020171 0.016151 0.22369
-0.2666 0.080996 0.037831 -0.02083 0.016056 0.2166
-0.26675 0.081138 0.039118 -0.022744 0.020391 0.21396
-0.26679 0.081175 0.040425 -0.012121 0.0115 0.21572
-0.26677 0.081238 0.041719 -0.0031036 0.0096941 0.21422
-0.26685 0.081297 0.042946 -0.0092128 0.0095177 0.20654
-0.26686 0.08136 0.044141 -0.0043159 0.009197 0.20164
-0.2669 0.081408 0.045367 -0.0065304 0.0072763 0.20299
-0.2669 0.08145 0.046558 -0.0028355 0.0076366 0.19992
-0.2669 0.081466 0.047731 7.0105e-05 0.0043106 0.19696
-0.26689 0.081527 0.048904 0.0017778 0.0066964 0.19561
-0.26688 0.081566 0.050039 0.002512 0.0054496 0.1912
-0.26684 0.081593 0.05111 0.0039273 0.0046729 0.18386
-0.26678 0.081613 0.052211 0.0066999 0.0035518 0.18398
-0.26671 0.081623 0.053303 0.01076 0.0021089 0.1821
-0.26656 0.081604 0.054386 0.019695 -0.0013002 0.18059
-0.26643 0.081609 0.05544 0.020964 -0.00036054 0.17824
-0.26628 0.081611 0.056454 0.023384 -0.00027303 0.17284
-0.26609 0.081579 0.057517 0.027068 -0.0034265 0.17557
-0.26591 0.081547 0.058541 0.027521 -0.0047119 0.17268
-0.26568 0.081541 0.05951 0.031594 -0.0027403 0.16527
-0.26545 0.081492 0.060472 0.034091 -0.0060124 0.16229
-0.26518 0.081456 0.061479 0.041129 -0.0052608 0.16531
-0.26486 0.081384 0.06249 0.04877 -0.0085817 0.16606
-0.26458 0.0813 0.06339 0.047635 -0.011977 0.15634
-0.2643 0.081217 0.064307 0.048431 -0.01335 0.15539
-0.26396 0.081191 0.065287 0.052746 -0.0088624 0.16046
-0.26365 0.081138 0.066255 0.053198 -0.0090151 0.15976
-0.26328 0.081012 0.067127 0.058975 -0.016762 0.15075
-0.26294 0.080941 0.068023 0.05704 -0.012706 0.15054
-0.26257 0.080827 0.068914 0.061153 -0.016683 0.14996
-0.26217 0.080704 0.06985 0.065117 -0.020175 0.15293
-0.26174 0.080538 0.070715 0.06888 -0.024632 0.14753
-0.26129 0.080388 0.07158 0.071546 -0.023529 0.14545
-0.26086 0.080228 0.072467 0.071188 -0.025241 0.14668
-0.26042 0.080088 0.073358 0.071599 -0.024982 0.14578
-0.25999 0.079893 0.074194 0.072162 -0.029725 0.14119
-0.25953 0.079673 0.075043 0.074938 -0.034204 0.14184
-0.25905 0.079471 0.075888 0.077067 -0.034865 0.14144
-0.25853 0.079327 0.07681 0.084381 -0.029345 0.1481
-0.25805 0.079072 0.077617 0.081936 -0.038642 0.13926
-0.25751 0.078828 0.078461 0.086309 -0.039788 0.14026
-0.25704 0.078623 0.079306 0.081859 -0.037406 0.13957
-0.25649 0.078436 0.08017 0.086489 -0.03476 0.13978
-0.25598 0.078193 0.080988 0.085609 -0.03908 0.13697
-0.25548 0.077971 0.08182 0.084906 -0.038929 0.13792
-0.25493 0.077758 0.082707 0.089225 -0.037143 0.14388
-0.25439 0.077509 0.083505 0.09003 -0.040316 0.13679
-0.25386 0.07723 0.084293 0.088493 -0.044364 0.13258
-0.25328 0.077039 0.085139 0.093891 -0.03682 0.13765
-0.2527 0.076813 0.085999 0.094591 -0.037659 0.14097
-0.25218 0.076542 0.086791 0.091528 -0.042524 0.13688
-0.25163 0.076254 0.087578 0.093219 -0.046361 0.13389
-0.25113 0.076002 0.088352 0.085337 -0.042949 0.13068
-0.2506 0.075696 0.089153 0.08632 -0.047247 0.13278
-0.25008 0.075391 0.089915 0.087517 -0.048967 0.13019
-0.24955 0.075082 0.090685 0.088732 -0.051654 0.13002
-0.24901 0.074765 0.091465 0.089332 -0.053402 0.12956
-0.24852 0.074427 0.09221 0.085111 -0.054446 0.12671
-0.24806 0.074139 0.092921 0.079729 -0.049083 0.12354
-0.24759 0.073799 0.093664 0.078406 -0.053814 0.12401
-0.24708 0.073398 0.094382 0.083535 -0.062768 0.1224
-0.24662 0.073027 0.095069 0.078338 -0.0622 0.11739
-0.24615 0.072714 0.095762 0.079205 -0.05572 0.11732
-0.2457 0.072322 0.096426 0.075954 -0.061751 0.1134
-0.24524 0.071908 0.097057 0.075827 -0.066199 0.10908
-0.24481 0.071491 0.097711 0.072006 -0.068367 0.10828
-0.24438 0.071125 0.098318 0.071515 -0.063605 0.1033
-0.24394 0.070712 0.098953 0.071589 -0.066896 0.10509
-0.24354 0.070318 0.099549 0.068472 -0.066299 0.10255
-0.24312 0.069926 0.10018 0.068599 -0.065117 0.10429
-0.24269 0.069502 0.10075 0.070719 -0.068631 0.099837
-0.24231 0.069132 0.10121 0.067024 -0.064392 0.087355
-0.24191 0.068766 0.10176 0.067308 -0.061238 0.090233
-0.24152 0.068388 0.1023 0.066222 -0.062492 0.090781
-0.24112 0.06801 0.10282 0.066692 -0.063308 0.088045
-0.24074 0.067585 0.10326 0.064042 -0.066918 0.078658
-0.24042 0.067228 0.10365 0.059359 -0.061225 0.071746
-0.24004 0.06689 0.10409 0.061164 -0.05847 0.073249
-0.23971 0.066471 0.10452 0.057234 -0.065561 0.071378
-0.23934 0.066083 0.10489 0.05987 -0.065192 0.06577
-0.23899 0.065724 0.10526 0.059223 -0.062414 0.062263
-0.23866 0.065421 0.10559 0.057055 -0.055316 0.058895
-0.23837 0.065067 0.10585 0.052082 -0.057013 0.049288
-0.23807 0.064725 0.10617 0.050112 -0.056451 0.050696
-0.23777 0.064428 0.10647 0.050396 -0.051384 0.051344
-0.23747 0.064121 0.10673 0.050008 -0.051054 0.046518
-0.23721 0.063838 0.10695 0.046087 -0.048085 0.040905
-0.23699 0.06354 0.10714 0.040909 -0.048315 0.035987
-0.23675 0.063302 0.10735 0.040027 -0.042087 0.035789
-0.23649 0.063001 0.10753 0.042102 -0.046017 0.032262
-0.23631 0.062761 0.10769 0.034514 -0.042269 0.028882
-0.23618 0.062565 0.10775 0.024439 -0.036943 0.017105
-0.23604 0.062303 0.10782 0.024186 -0.041035 0.013683
-0.23592 0.062131 0.1079 0.02221 -0.033719 0.012702
-0.23576 0.06198 0.10801 0.025812 -0.0277 0.016248
-0.23567 0.061795 0.10805 0.018739 -0.030691 0.010398
-0.23557 0.061629 0.10807 0.016743 -0.028857 0.0052696
-0.2355 0.06157 0.1081 0.012816 -0.016919 0.0048965
-0.23543 0.06149 0.10811 0.011615 -0.014535 0.0013519
-0.2354 0.061376 0.10808 0.0081625 -0.018094 -0.0022001
-0.23537 0.061335 0.10806 0.007678 -0.01205 -0.0041195
-0.23532 0.061312 0.10805 0.007384 -0.0080569 -0.0030638
-0.23533 0.061317 0.10801 0.0033592 -0.0017307 -0.005318
-0.23531 0.06128 0.10797 0.0039399 -0.0041001 -0.006115
-0.23533 0.061255 0.10793 -0.0005674 -0.0040366 -0.006574
-0.23537 0.06126 0.10787 -0.0044756 -0.0010968 -0.0096286
-0.23541 0.061269 0.10782 -0.0037461 -0.00077188 -0.010188
-0.23545 0.061309 0.10776 -0.0055947 0.004267 -0.0091688
-0.23552 0.061314 0.1077 -0.0085692 0.0030556 -0.0084266
-0.23558 0.06133 0.10762 -0.0094254 0.0026725 -0.011659
-0.23567 0.06135 0.10756 -0.013279 0.00298 -0.010281
-0.23577 0.061377 0.10745 -0.015933 0.0042542 -0.014789
-0.2358 0.061384 0.10739 -0.0105 0.0018126 -0.01257
-0.23589 0.061406 0.10729 -0.012336 0.0028051 -0.014875
-0.23594 0.06143 0.10721 -0.010628 0.0016161 -0.014425
-0.236 0.061478 0.10713 -0.0099467 0.0045101 -0.013618
-0.23608 0.061503 0.10702 -0.011427 0.0040645 -0.015746
-0.23614 0.061525 0.10694 -0.0097391 0.0038883 -0.015757
-0.23618 0.061544 0.10687 -0.0083084 0.0036478 -0.013075
-0.23625 0.061558 0.1068 -0.010832 0.0028601 -0.012376
-0.23631 0.061577 0.10672 -0.010112 0.0028174 -0.012604
-0.23635 0.061587 0.10663 -0.0080257 0.0021967 -0.014668
-0.23643 0.061612 0.10655 -0.011808 0.0035029 -0.014387
-0.23645 0.061625 0.10649 -0.0076117 0.0025371 -0.011631
-0.2365 0.061607 0.10642 -0.0075204 -0.0018188 -0.011859
-0.23651 0.061638 0.10638 -0.0040546 0.0031645 -0.0085089
-0.23658 0.061654 0.10632 -0.0068902 0.0037999 -0.0094559
-0.2366 0.061656 0.10628 -0.0062299 0.0019239 -0.0077387
-0.23662 0.061655 0.10627 -0.0044267 0.00047726 -0.0038882
-0.23664 0.061661 0.10624 -0.0035827 0.00074837 -0.0037532
-0.23665 0.061658 0.10622 -0.0035894 -0.0002522 -0.0021531
-0.23667 0.061661 0.1062 -0.0039729 0.00030094 -0.0032004
-0.23667 0.061666 0.1062 -0.0014956 0.00088348 -0.0016778
-0.23667 0.061666 0.1062 -0.00070462 -7.9937e-05 -0.00068407
-0.23667 0.061666 0.1062 -0.00081055 3.2958e-05 6.6903e-05
-0.23667 0.061666 0.1062 -0.00085616 0.00010225 -0.00068421
-0.23667 0.061672 0.1062 -0.0013411 0.00042658 -0.00025569
-0.23666 0.061669 0.10621 -0.00091253 6.88e-05 -2.6787e-05
-0.23665 0.06166 0.10623 0.00068358 -0.0005856 0.0024312
-0.23665 0.06166 0.10623 0.00014758 -0.00037222 0.00061351
-0.23665 0.061666 0.10623 -0.00024713 0.0006638 8.7168e-05
-0.23663 0.061671 0.10623 0.002598 0.0010055 0.0006467
-0.23664 0.061677 0.10624 -0.00024577 0.00082487 0.00082209
-0.23662 0.061677 0.10623 0.0018286 0.00045109 -0.00038705
-0.23662 0.06168 0.10623 0.00034153 0.0004083 0.00060092
-0.23662 0.06168 0.10623 0.0013874 -8.7566e-06 0.00023889
-0.23662 0.061683 0.10622 0.00039806 0.00018669 -0.00068951
-0.23664 0.061686 0.10622 -0.0025371 0.00079896 -0.00046056
-0.23666 0.061722 0.10624 -0.0033977 0.0032248 0.0018667
-0.23664 0.061718 0.10623 -0.0011883 0.0026698 0.00018859
-0.23664 0.061686 0.10622 -0.0011022 -0.0032179 -0.0010773
-0.23664 0.061723 0.10623 0.0001426 0.0014702 0.00041628
-0.23664 0.061726 0.10623 0.0005951 0.00068298 0.0011032
-0.23665 0.061727 0.10622 -0.00013478 0.00021715 -0.00096425
-0.23664 0.061723 0.10623 0.0005643 -0.00040036 0.0010398
-0.23664 0.061733 0.10621 0.00098651 0.0012309 0.00048716
-0.23666 0.061738 0.1062 -0.00052015 0.0015667 -0.00045697
-0.23666 0.06174 0.10621 -8.1924e-06 0.000846 0.00038309
-0.23666 0.061743 0.1062 -0.00010438 0.00058515 -0.00048197
-0.23663 0.061743 0.1062 0.0028904 8.2274e-05 0.00037309
-0.23664 0.061747 0.10618 0.0015914 0.00038744 -0.0018461
-0.23664 0.061755 0.10619 0.00067879 0.00078073 -0.0018348
-0.23662 0.061764 0.10618 0.0036599 0.001049 -0.0016928
-0.23663 0.06178 0.10621 -0.00071473 0.0023208 0.0028342
-0.23663 0.061782 0.1062 0.00038931 0.0010597 -0.00043224
-0.23663 0.061788 0.10621 0.00066554 0.00061942 0.002089
-0.23663 0.0618 0.10621 0.00088805 0.00098329 0.0011035
-0.23664 0.061814 0.10618 -0.0011115 0.0018245 -0.0025917
-0.23661 0.061822 0.1062 0.0040439 0.0014632 -3.7906e-05
-0.23663 0.061828 0.10619 -8.0324e-05 0.0010413 -0.0010816
-0.23664 0.06185 0.1062 -0.0011395 0.0027127 0.0005955
-0.23662 0.061891 0.10619 0.0015547 0.0059411 -0.00096377
-0.23664 0.061897 0.10619 -0.00067202 0.0042676 7.983e-05
-0.23665 0.061881 0.10616 -0.0018954 0.0010354 -0.0028364
-0.23665 0.061899 0.10615 -0.00054911 0.001479 -0.0022859
-0.23663 0.061912 0.10613 0.00073462 0.0010977 -0.0043709
-0.23663 0.061921 0.10612 -0.0011099 0.00060762 -0.0032578
-0.23663 0.061957 0.10613 -0.00048736 0.0034873 -0.00042737
-0.23663 0.061964 0.10612 -0.0012473 0.0022832 -0.0022053
-0.23663 0.061978 0.10612 -0.00010364 0.0023877 -0.00073432
-0.15956 0.027541 -0.14368 -0.23817 0.10465 0.14612
-0.16093 0.028151 -0.14281 -0.23416 0.1026 0.1453
-0.16228 0.028797 -0.14188 -0.23167 0.10613 0.1529
-0.16365 0.029397 -0.14095 -0.23154 0.10271 0.15498
-0.16503 0.029976 -0.14 -0.23255 0.098782 0.15629
-0.16643 0.030616 -0.13905 -0.23531 0.10433 0.15912
-0.16788 0.031271 -0.13815 -0.24122 0.10652 0.15532
-0.16933 0.031835 -0.13721 -0.24407 0.098678 0.1575
-0.17076 0.032414 -0.13628 -0.24289 0.09806 0.15725
-0.17208 0.032979 -0.13528 -0.23218 0.096795 0.16296
-0.17346 0.033582 -0.13431 -0.23253 0.099173 0.16352
-0.17496 0.03416 -0.13332 -0.24439 0.098456 0.16583
-0.17646 0.03475 -0.13236 -0.24994 0.097685 0.16357
-0.17788 0.035308 -0.13142 -0.24288 0.095346 0.16053
-0.17919 0.035882 -0.1304 -0.2298 0.095732 0.16707
-0.18055 0.036469 -0.12935 -0.23027 0.097793 0.17246
-0.18199 0.037034 -0.12834 -0.23802 0.096752 0.17035
-0.18351 0.037554 -0.12741 -0.24935 0.090041 0.16112
-0.1849 0.038113 -0.12641 -0.23931 0.092727 0.16636
-0.18625 0.038663 -0.12539 -0.23133 0.093499 0.17079
-0.18758 0.039182 -0.1243 -0.22758 0.089116 0.17738
-0.18898 0.039708 -0.12327 -0.23445 0.088144 0.17406
-0.19046 0.04027 -0.1222 -0.24323 0.091795 0.17725
-0.19182 0.040824 -0.12118 -0.23513 0.092545 0.17504
-0.19313 0.041328 -0.12012 -0.22776 0.087554 0.17862
-0.19452 0.041868 -0.11909 -0.23366 0.089428 0.17485
-0.19592 0.042453 -0.11801 -0.23448 0.095927 0.18017
-0.19726 0.043031 -0.11691 -0.22957 0.097334 0.18392
-0.19862 0.043548 -0.1158 -0.22919 0.091686 0.18535
-0.19991 0.044033 -0.11476 -0.22441 0.084434 0.17954
-0.20124 0.044617 -0.11365 -0.22561 0.092724 0.18409
-0.20263 0.045124 -0.11255 -0.23173 0.086874 0.18435
-0.20395 0.045661 -0.11142 -0.22581 0.088261 0.1874
-0.20523 0.046129 -0.11031 -0.21912 0.081104 0.18632
-0.20658 0.046638 -0.10921 -0.22567 0.082949 0.18448
-0.2079 0.04717 -0.10802 -0.22565 0.086035 0.19265
-0.20925 0.047664 -0.1069 -0.2272 0.083543 0.18914
-0.21063 0.048114 -0.10582 -0.22954 0.077812 0.18543
-0.21192 0.048605 -0.1047 -0.2232 0.081076 0.1864
-0.21314 0.049104 -0.10351 -0.21297 0.083331 0.1947
-0.21445 0.049549 -0.10234 -0.21927 0.077783 0.19504
-0.21578 0.049971 -0.10121 -0.22397 0.074322 0.1921
-0.21708 0.05039 -0.10011 -0.22039 0.072364 0.18798
-0.21832 0.050887 -0.098906 -0.2127 0.077762 0.19632
-0.21953 0.051317 -0.097752 -0.20869 0.073493 0.19401
-0.22072 0.051706 -0.096602 -0.20509 0.068776 0.19293
-0.22195 0.052148 -0.095448 -0.20558 0.072105 0.19181
-0.22318 0.052545 -0.094252 -0.20826 0.068369 0.19638
-0.22432 0.052956 -0.093099 -0.19882 0.068393 0.19449
-0.22544 0.053332 -0.091886 -0.19345 0.066319 0.20144
-0.22659 0.053771 -0.090732 -0.19412 0.071205 0.19642
-0.2278 0.05418 -0.089578 -0.2008 0.069471 0.19475
-0.22897 0.054543 -0.088407 -0.19983 0.063009 0.19576
-0.23006 0.054952 -0.087166 -0.19082 0.066058 0.20301
-0.23118 0.055306 -0.085982 -0.19248 0.062408 0.20085
-0.23235 0.055676 -0.084772 -0.19807 0.06327 0.20225
-0.23348 0.056062 -0.083599 -0.19439 0.064204 0.19895
-0.23455 0.056435 -0.082402 -0.18757 0.062843 0.20038
-0.23564 0.056793 -0.081177 -0.18604 0.060927 0.20344
-0.23668 0.057153 -0.079953 -0.18182 0.060156 0.20444
-0.23776 0.057518 -0.078736 -0.1851 0.061936 0.20504
-0.23887 0.057852 -0.077496 -0.18925 0.058549 0.20655
-0.23999 0.0582 -0.076318 -0.18926 0.058042 0.20076
-0.24104 0.058512 -0.075098 -0.1827 0.054936 0.20278
-0.24208 0.058859 -0.073862 -0.17931 0.057364 0.20461
-0.2431 0.05914 -0.072629 -0.17664 0.050202 0.20556
-0.24424 0.059442 -0.071399 -0.18646 0.050404 0.20621
-0.24532 0.059716 -0.070161 -0.18568 0.048308 0.20599
-0.24625 0.060015 -0.068918 -0.16947 0.050597 0.20791
-0.24727 0.060292 -0.067617 -0.1725 0.048314 0.2137
-0.24828 0.060562 -0.066413 -0.17311 0.046239 0.20603
-0.24922 0.060795 -0.065131 -0.16466 0.041399 0.21064
-0.25018 0.061052 -0.063836 -0.1652 0.042565 0.21331
-0.2512 0.061342 -0.06258 -0.16925 0.045859 0.21157
-0.25216 0.061584 -0.061305 -0.16524 0.042192 0.21247
-0.25307 0.061803 -0.059965 -0.15834 0.038527 0.21962
-0.25399 0.062018 -0.058668 -0.15611 0.036288 0.21933
-0.2549 0.062237 -0.057375 -0.15586 0.0353 0.21682
-0.2558 0.06248 -0.056069 -0.1548 0.038088 0.21718
-0.25673 0.062687 -0.054771 -0.15615 0.036361 0.21739
-0.2576 0.062864 -0.053423 -0.15005 0.03171 0.22169
-0.25845 0.063052 -0.052098 -0.14552 0.030374 0.22087
-0.25929 0.063276 -0.050729 -0.14573 0.033372 0.22462
-0.26015 0.063464 -0.049397 -0.14751 0.032272 0.22201
-0.26098 0.063619 -0.048035 -0.14264 0.028267 0.22575
-0.26176 0.063735 -0.04666 -0.13659 0.022984 0.22867
-0.26257 0.063895 -0.045263 -0.1383 0.025394 0.23236
-0.26341 0.064041 -0.043903 -0.14073 0.024396 0.22928
-0.26419 0.064198 -0.042506 -0.13734 0.024431 0.2311
-0.26494 0.064314 -0.041091 -0.13101 0.020254 0.23444
-0.26564 0.064359 -0.039681 -0.12275 0.012469 0.23654
-0.26638 0.064437 -0.038221 -0.12547 0.013537 0.2405
-0.26712 0.064584 -0.036802 -0.12688 0.019775 0.23768
-0.26785 0.064642 -0.035347 -0.12575 0.013562 0.2412
-0.26855 0.064688 -0.033883 -0.12239 0.0094662 0.24254
-0.26917 0.064695 -0.032411 -0.11224 0.0043573 0.24409
-0.26983 0.064773 -0.030896 -0.11291 0.0098356 0.25019
-0.27048 0.064758 -0.029417 -0.11134 0.0017566 0.24812
-0.2711 0.064702 -0.027942 -0.10752 -0.0059887 0.2485
-0.27172 0.064655 -0.026407 -0.10829 -0.0080056 0.25265
-0.27232 0.064606 -0.024931 -0.1052 -0.0075264 0.24849
-0.27292 0.064567 -0.023445 -0.10332 -0.0071811 0.24925
-0.27347 0.064479 -0.021903 -0.098198 -0.012229 0.25339
-0.27401 0.064395 -0.020366 -0.095435 -0.012943 0.2545
-0.27458 0.064283 -0.018844 -0.095578 -0.015794 0.25551
-0.27509 0.06414 -0.017338 -0.088567 -0.020814 0.2546
-0.27561 0.063981 -0.0158 -0.08803 -0.024715 0.25569
-0.27609 0.063835 -0.014218 -0.083511 -0.024612 0.26215
-0.27655 0.063683 -0.012671 -0.080526 -0.025407 0.25976
-0.27701 0.063447 -0.011134 -0.079248 -0.034267 0.25697
-0.27745 0.063277 -0.009562 -0.076767 -0.031438 0.26192
-0.27792 0.063086 -0.007974 -0.080148 -0.033017 0.26432
-0.27829 0.062891 -0.006403 -0.069298 -0.034011 0.2635
-0.27867 0.06269 -0.004815 -0.066027 -0.033605 0.26665
-0.27902 0.062486 -0.003203 -0.064984 -0.033518 0.26792
-0.27942 0.062299 -0.001612 -0.067158 -0.032379 0.2675
-0.2797 0.061992 -6.2e-05 -0.057531 -0.043775 0.26236
-0.27993 0.061722 0.001526 -0.046759 -0.043735 0.26715
-0.28026 0.061528 0.003166 -0.0537 -0.036805 0.27282
-0.28059 0.061257 0.004716 -0.057288 -0.043543 0.26315
-0.2808 0.060958 0.006255 -0.043734 -0.047742 0.26048
-0.281 0.060712 0.007841 -0.041212 -0.042822 0.26281
-0.28128 0.060484 0.009397 -0.046316 -0.040121 0.26065
-0.28151 0.060152 0.010949 -0.041553 -0.0495 0.25968
-0.28167 0.059808 0.012473 -0.034064 -0.054344 0.25709
-0.28187 0.059504 0.014024 -0.034852 -0.052075 0.25807
-0.28204 0.059248 0.015587 -0.033132 -0.046762 0.25974
-0.2822 0.058924 0.017115 -0.02866 -0.051494 0.25828
-0.28234 0.058595 0.018597 -0.027435 -0.052811 0.25194
-0.28252 0.058279 0.020082 -0.03044 -0.05223 0.24882
-0.28263 0.057953 0.021579 -0.023862 -0.053241 0.24819
-0.28277 0.057621 0.023055 -0.024137 -0.055542 0.24803
-0.28289 0.057266 0.024522 -0.022596 -0.05904 0.24506
-0.28301 0.056958 0.026011 -0.022477 -0.054575 0.24758
-0.28313 0.056642 0.02747 -0.02207 -0.053453 0.24658
-0.28316 0.056285 0.028897 -0.013742 -0.057429 0.24093
-0.28331 0.055922 0.030278 -0.019244 -0.060291 0.23583
-0.2834 0.055591 0.031689 -0.014763 -0.057443 0.2366
-0.28348 0.055252 0.033089 -0.012391 -0.058782 0.23672
-0.28351 0.05485 0.034481 -0.0084082 -0.064298 0.23616
-0.28367 0.054498 0.035832 -0.017935 -0.059067 0.2319
-0.28375 0.054194 0.037165 -0.016119 -0.053339 0.22596
-0.28375 0.053857 0.038534 -0.0053641 -0.054448 0.22832
-0.2838 0.05349 0.039863 -0.0069439 -0.058902 0.22479
-0.28384 0.05316 0.041165 -0.0057855 -0.055729 0.22224
-0.28385 0.05283 0.042452 -0.0020756 -0.054983 0.21815
-0.28385 0.052506 0.043755 0.00017942 -0.055431 0.21871
-0.2839 0.052152 0.045016 -0.0031761 -0.057914 0.21495
-0.28389 0.051787 0.04629 0.00061651 -0.059587 0.21456
-0.28388 0.05151 0.047537 0.0011101 -0.051518 0.21276
-0.28386 0.051214 0.048766 0.0019132 -0.04927 0.21055
-0.28376 0.050887 0.049984 0.0111 -0.051861 0.20678
-0.28381 0.050613 0.051201 2.5776e-05 -0.04802 0.20482
-0.28375 0.050327 0.052388 0.0069483 -0.04717 0.20212
-0.28363 0.050094 0.053624 0.016373 -0.042777 0.20436
-0.28356 0.049776 0.054803 0.012846 -0.049333 0.19973
-0.2835 0.049489 0.055959 0.013776 -0.048204 0.1954
-0.28347 0.049227 0.057158 0.011177 -0.046746 0.19886
-0.28334 0.048959 0.058288 0.017969 -0.047693 0.19173
-0.28322 0.048661 0.059436 0.019856 -0.05001 0.19102
-0.28311 0.04846 0.060585 0.022368 -0.040315 0.19256
-0.28299 0.048209 0.061718 0.022568 -0.041451 0.19046
-0.28295 0.047975 0.062801 0.015144 -0.039454 0.18401
-0.28286 0.04774 0.063903 0.016291 -0.038681 0.18445
-0.28271 0.047522 0.065004 0.021318 -0.03738 0.18346
-0.2825 0.047277 0.066061 0.030232 -0.040464 0.17902
-0.28238 0.047086 0.067172 0.026147 -0.036197 0.18408
-0.28221 0.046893 0.06821 0.028014 -0.034034 0.17857
-0.28203 0.046685 0.069241 0.030307 -0.035503 0.1746
-0.28186 0.046462 0.070286 0.031679 -0.03681 0.17466
-0.28167 0.046246 0.071237 0.033675 -0.035911 0.16692
-0.28143 0.046071 0.072288 0.03785 -0.031068 0.17283
-0.28125 0.045864 0.073317 0.035701 -0.033328 0.17315
-0.28104 0.045629 0.074243 0.033645 -0.036096 0.16272
-0.28083 0.045408 0.075197 0.036772 -0.03685 0.16096
-0.2806 0.045281 0.076225 0.03741 -0.027707 0.16663
-0.28036 0.045099 0.077216 0.03922 -0.030305 0.1661
-0.2801 0.044845 0.078157 0.043493 -0.037147 0.16187
-0.2798 0.044672 0.079083 0.04832 -0.03204 0.15777
-0.27955 0.044525 0.080054 0.046079 -0.027631 0.16178
-0.2793 0.044376 0.08101 0.045793 -0.026389 0.16169
-0.27901 0.044192 0.08189 0.048223 -0.029148 0.15354
-0.27871 0.043994 0.082767 0.050485 -0.031421 0.15076
-0.27843 0.043896 0.083668 0.048685 -0.022257 0.15102
-0.27814 0.043732 0.084544 0.049272 -0.025772 0.14765
-0.27782 0.043536 0.08534 0.052395 -0.030966 0.13893
-0.27752 0.043433 0.086178 0.052563 -0.022472 0.13979
-0.27722 0.043336 0.087032 0.052389 -0.019133 0.14277
-0.27694 0.043169 0.087806 0.05004 -0.024442 0.13377
-0.27662 0.043001 0.088522 0.052326 -0.02677 0.12546
-0.2763 0.042855 0.08923 0.05369 -0.025658 0.12223
-0.27597 0.042735 0.089959 0.055144 -0.023246 0.12355
-0.27565 0.042595 0.090697 0.056224 -0.02428 0.124
-0.27533 0.042431 0.091357 0.055986 -0.027504 0.11681
-0.27504 0.0423 0.091958 0.0522 -0.02407 0.10741
-0.27477 0.042161 0.092546 0.048525 -0.025299 0.10123
-0.27444 0.041979 0.09314 0.052593 -0.028651 0.1005
-0.27409 0.041828 0.09377 0.056025 -0.025834 0.10332
-0.27379 0.041657 0.09426 0.051794 -0.027256 0.089572
-0.27351 0.041511 0.094731 0.048464 -0.024976 0.08312
-0.27324 0.041366 0.095208 0.047238 -0.024775 0.080971
-0.27297 0.041217 0.095684 0.046753 -0.024891 0.080889
-0.27272 0.041067 0.096106 0.04492 -0.025994 0.074562
-0.27245 0.040933 0.096505 0.046248 -0.024726 0.069456
-0.27219 0.040813 0.096864 0.045199 -0.021005 0.06392
-0.27198 0.040679 0.097146 0.03972 -0.020877 0.052989
-0.27173 0.040581 0.097467 0.041619 -0.017581 0.053283
-0.27149 0.040455 0.097785 0.03997 -0.020591 0.052982
-0.27126 0.040355 0.098053 0.036928 -0.018066 0.04678
-0.27109 0.040316 0.098263 0.030267 -0.010107 0.038997
-0.27095 0.040248 0.098398 0.025378 -0.010825 0.028763
-0.27078 0.040209 0.098589 0.02736 -0.00824 0.031445
-0.2706 0.040132 0.098746 0.029052 -0.011433 0.028869
-0.27046 0.040119 0.098872 0.027091 -0.0060275 0.024199
-0.27039 0.04011 0.098934 0.018054 -0.0034317 0.014821
-0.27032 0.040109 0.098997 0.014244 -0.0017053 0.01217
-0.27025 0.040109 0.099033 0.012806 -0.00054729 0.0076325
-0.2702 0.040099 0.099075 0.0099144 -0.0013698 0.0069641
-0.27016 0.040101 0.099071 0.007413 -0.0010124 0.0020588
-0.27016 0.040133 0.099075 0.0026951 0.0037838 0.0011529
-0.27012 0.040135 0.099071 0.0055574 0.0018849 -0.00024471
-0.27014 0.040137 0.099052 0.0010836 0.00077879 -0.0016205
-0.27015 0.040123 0.099019 8.1353e-05 -0.0018646 -0.0040044
-0.27015 0.040169 0.098992 0.0010653 0.0029883 -0.0043583
-0.27023 0.040152 0.098928 -0.0079682 -0.00021307 -0.0079882
-0.27023 0.040147 0.098868 -0.0044824 -0.0022095 -0.0099865
-0.27029 0.04019 0.098825 -0.0092267 0.004624 -0.0088382
-0.27036 0.040173 0.098742 -0.011585 0.00097874 -0.011524
-0.27041 0.040177 0.098684 -0.0095058 0.00084232 -0.010883
-0.27047 0.040201 0.098612 -0.010783 0.0030065 -0.012416
-0.27051 0.040181 0.098552 -0.0089003 -6.6873e-05 -0.010604
-0.27058 0.040211 0.098477 -0.0094647 0.0021204 -0.011435
-0.27061 0.040184 0.09844 -0.0057225 -0.0018923 -0.0076329
-0.27069 0.040218 0.098356 -0.0099791 0.0032954 -0.010901
-0.27075 0.040223 0.098278 -0.010468 0.001901 -0.012689
-0.27085 0.040232 0.098182 -0.014311 0.0018256 -0.014689
-0.27092 0.040235 0.098124 -0.014045 0.0012591 -0.012295
-0.27097 0.040272 0.098041 -0.011857 0.0041915 -0.013566
-0.27102 0.040251 0.097957 -0.011586 0.00038293 -0.014247
-0.27108 0.040256 0.097908 -0.010693 0.0010098 -0.01067
-0.27111 0.040291 0.097845 -0.0079121 0.0036418 -0.010427
-0.27119 0.040274 0.097766 -0.011871 -0.0010919 -0.013029
-0.27125 0.040312 0.097693 -0.011931 0.0027315 -0.012496
-0.2713 0.040307 0.097633 -0.0090581 0.00033531 -0.010367
-0.27134 0.040319 0.097543 -0.0088841 0.0013572 -0.01392
-0.2714 0.040325 0.0975 -0.0091526 0.00097813 -0.010054
-0.27143 0.040325 0.097408 -0.0063753 0.00046282 -0.013991
-0.27147 0.040329 0.09735 -0.0070519 0.00057853 -0.011362
-0.27154 0.040331 0.097268 -0.0079885 3.7616e-05 -0.0129
-0.27159 0.040307 0.097193 -0.0083948 -0.0033583 -0.013233
-0.27162 0.040336 0.097142 -0.0053625 0.00075674 -0.010559
-0.2717 0.040321 0.097083 -0.010698 -0.0003527 -0.0098284
-0.27171 0.040325 0.097022 -0.0060664 0.00036366 -0.010462
-0.27174 0.040322 0.096972 -0.0055783 -3.9738e-05 -0.0098048
-0.27178 0.040356 0.096927 -0.0060067 0.0043545 -0.0081193
-0.27183 0.040336 0.096853 -0.0068944 -0.0003483 -0.010498
-0.27186 0.040327 0.096793 -0.005648 -0.00070759 -0.010192
-0.27192 0.040362 0.096742 -0.0082615 0.0039724 -0.0091256
-0.27196 0.040342 0.096683 -0.0074031 -0.0015042 -0.0098618
-0.27201 0.04034 0.096629 -0.0074939 -0.00075439 -0.0093739
-0.27205 0.040352 0.096602 -0.0080269 0.00011304 -0.0067429
-0.27209 0.040352 0.096549 -0.00791 -0.00045986 -0.0078591
-0.27213 0.040356 0.096491 -0.0071383 0.00015899 -0.0092509
-0.27218 0.040354 0.096422 -0.0077182 -0.0018224 -0.011174
-0.27225 0.040386 0.096415 -0.010338 0.0036002 -0.0052003
-0.27225 0.04038 0.096356 -0.0050321 0.00085019 -0.0084406
-0.27231 0.040391 0.096323 -0.0087288 0.0014112 -0.0069412
-0.27232 0.0404 0.096306 -0.0061789 0.0015324 -0.0046718
-0.27232 0.040401 0.096277 -0.0024591 0.00062453 -0.0046518
-0.27234 0.040399 0.096252 -0.0016783 9.9046e-05 -0.003954
-0.27237 0.040399 0.096223 -0.0024122 -0.00015003 -0.0045391
-0.27238 0.040403 0.096195 -0.0026513 0.0004239 -0.0048763
-0.2724 0.040431 0.096182 -0.002718 0.0028868 -0.0038058
-0.2724 0.04041 0.096187 -0.0005352 -0.00097113 -0.001254
-0.27238 0.040405 0.096181 0.0023956 -0.00061692 -0.0005581
-0.27241 0.040416 0.096164 -0.0023528 0.0007041 -0.0019832
-0.2724 0.040412 0.096178 -0.00037637 -6.0755e-05 0.0005423
-0.27238 0.040435 0.096194 0.0020746 0.0015526 0.0017922
